8000
-420 -1631
1518 -3043
1402 -3474
1351 -4027
312 110
4978 4063
-4021 -3783
4604 704
1174 4051
-3058 -2274
-3344 4470
4024 1143
-2800 629
-1569 2507
-4004 -1872
752 576
1497 -2729
2533 4251
-1203 -4764
1576 462
346 1554
-475 -2323
-877 -4519
3381 -4702
4532 1676
-1976 -3811
1146 3400
2332 -301
-971 2115
-2794 25
-4757 2959
-4399 -1908
1582 -514
-2657 1731
-278 271
-2807 1421
-3175 -1929
4098 949
-1448 -1168
-2401 -1915
-4492 -3025
-726 -1994
-4625 2958
2705 -596
-3574 4912
4429 -3331
2871 1382
-3886 -547
-4132 4809
-3816 -3058
81 4730
3363 -1742
-2199 2462
559 -2295
2646 3158
-2858 3154
1485 1416
-3840 1860
-4273 3866
2616 -2847
130 2045
-4826 -1999
4779 2640
-1194 -4353
2450 -3658
-2410 3883
-3928 -4047
-2859 -4775
-233 2701
-2069 -2587
-2789 73
1919 3697
2842 -568
557 -79
4650 4526
-1574 -220
-2077 4952
-867 -2297
2593 2939
-1650 43
633 -2708
-4722 1706
4598 -2581
1931 -4283
1472 1214
4483 3684
-3712 1402
2381 4130
2186 4290
-4597 1836
3816 -1171
2968 -3260
-1219 -2899
-557 -3626
1392 -855
-2231 -2974
1438 -1953
84 -2612
-3181 -2985
-1895 3291
3230 -2412
1975 870
343 -4292
-3648 -2471
4999 -3245
4366 167
584 2334
-1741 717
788 -946
2092 3532
3200 1213
1910 -4010
4261 -3006
-1622 2432
-990 -2165
723 3592
424 -2301
-4186 -4233
4759 -2834
-1704 1110
-1079 4014
-3722 857
-2299 -4111
-3426 -159
-56 3666
-1627 4496
-3768 -4716
-4514 1845
-2722 -4784
-723 -2360
4403 -5000
2584 -173
4051 3398
-3054 3811
-4436 -3405
-79 -4163
-4391 -2449
1694 4662
-1559 3269
-497 3385
-1713 2877
2881 -481
-487 -281
-3636 -1857
-3713 641
784 -4310
-3006 4720
-3130 -3955
3119 -1184
1208 35
411 2482
873 -2627
-4967 3919
-2965 4826
2188 1539
-437 -4524
-4232 3796
-3653 281
-1485 -2288
3424 -3846
-295 -4440
-3155 1699
-4719 -4933
-903 -248
-1117 1657
1139 647
-861 3364
3020 -4475
2284 -4945
-4649 -528
-2054 -85
-3700 -1286
-1289 -2352
347 -1421
-3288 -4876
-267 -2231
-4316 -2070
821 2317
4349 4918
3421 -1767
1575 -439
232 -4285
-2075 -1748
2592 -4791
4659 2943
-3966 3958
4210 -2666
4024 -2078
-3666 -628
-2147 4398
-504 -1062
-2832 -3468
-1779 2989
202 -2430
-741 -1377
-2845 -4166
-464 2387
2901 -1186
1991 493
-977 1651
4789 -3591
-3039 3999
-4904 -4015
3273 2782
-3291 -3874
2181 -2443
65 701
-910 -362
-1310 644
2208 -699
4267 4364
-3513 -1196
1751 741
2618 -1257
2586 2993
1746 2375
755 3707
-2273 851
4692 -4000
-1367 -3598
3479 2166
-1041 4896
-2133 -599
-466 -2091
-4955 -3258
2210 665
2458 3698
821 -4438
-4209 4791
-695 3377
2784 2403
753 4891
-2538 3480
742 3506
832 728
1260 -689
-2106 -4780
-793 -2886
-4027 93
23 2371
1836 3586
-1964 -4354
-1364 3857
-3792 -573
3648 -3135
-2196 -2216
4268 -91
-2324 -3270
4741 -230
1589 574
1850 -2151
1237 1097
4421 -4555
3211 -4605
538 4586
-882 3726
3172 2154
4373 3160
-2637 -4419
-2413 2363
3799 -3256
1499 3067
1653 4175
1150 1395
-4702 -2261
3321 2148
588 -442
-1755 10
-3645 2808
-3243 -1754
2395 875
3324 -3081
4381 2697
-4920 -3256
-369 -2333
4107 -1570
-589 606
2849 2417
-3866 -4649
-4836 2784
-1910 3485
-3716 31
-1957 -470
1393 -4249
3690 3150
-1003 1085
-975 -2679
3005 4758
1371 3085
-3498 2354
2104 1961
2136 2868
3919 -15
285 1405
337 449
-811 -221
-4714 474
4810 -1671
1356 1203
-920 46
-4295 -571
-3868 -3918
-1897 489
-4160 4474
4926 -2658
1828 2030
655 -1036
-3750 -425
301 1535
2332 1990
3336 -3478
-3230 3622
1996 -3420
3304 4704
-864 3736
-250 -159
-1834 -2766
924 1269
2723 -1884
-2905 -999
-3189 275
2384 2466
591 3634
3393 -4108
-3478 726
2883 4858
2248 4653
-167 -4404
2585 -1863
-4700 3073
3225 -3598
-2085 2743
-1363 191
-4636 2712
3307 -2541
-3286 -4882
2734 4098
-1063 -1675
2732 -2670
-4430 4254
-592 -195
465 3008
-542 -4702
3604 3395
4787 256
1469 -636
1659 736
-2892 -4704
2279 -2528
-640 -3062
-3716 1074
-2943 370
172 -2654
48 4257
-3972 618
3511 437
-4577 -4672
-1555 -3767
-4374 3402
4628 1765
-4990 -2551
-3870 1669
-463 -1762
-1683 -3184
-2938 2678
-1245 -1654
-4896 -2836
3717 277
-490 -4883
-4114 538
735 4397
2327 -2490
4726 2125
-1257 1704
-3121 4723
4822 -3111
3525 2304
-89 -1938
1894 -420
-121 3956
3610 -14
3655 3715
2150 -1276
-4656 3012
-1159 -3770
4902 928
1979 2230
3438 -1943
-4293 3533
1114 -2414
3256 936
-525 -1867
4592 738
1196 1486
-4681 2427
442 3929
-2587 -4551
-1004 915
-827 -660
-1073 3014
-3078 -1171
-4706 3902
2411 3732
3311 3118
2265 -575
-4296 -3126
1713 -3468
7 1305
2270 -3797
-2209 2589
-18 -414
-2129 2395
35 1867
-1690 561
2560 2237
4927 834
2419 -4778
-264 -170
3954 4400
4301 -2428
-1175 1357
-554 -4461
2889 4453
-1804 -3488
2009 988
453 -3009
1926 3324
739 3313
-3456 401
-1126 456
3991 -4846
-3710 1410
-4624 -2621
2592 682
-3221 1893
3254 -3044
-1749 4052
3847 2492
-142 -2956
4004 3219
-616 -542
1562 -3690
4134 -2699
975 2030
2703 1202
-2514 1694
1356 -4871
4456 1732
3860 2048
3766 -4361
-4706 -1627
3947 4897
-2575 2795
2389 -1365
4839 -2254
-3146 -4425
-1444 3417
3237 4042
-4282 -788
1073 -227
-4586 -89
-3533 -1878
-3608 2275
4854 -4748
-676 -27
2243 -382
3346 1191
-4133 2123
-4662 -392
-4241 1529
2354 -2387
2104 2262
2382 341
1305 -547
905 3730
4226 -2328
-1359 2046
794 -3614
-679 -2999
-3362 -3
1974 234
967 -3328
-3575 1834
3795 -3237
-3557 906
3292 149
-128 -3252
3764 -2746
-1559 69
-1941 4346
-4849 -2714
3370 -4856
684 -835
-3470 1357
-2482 4521
-3645 4492
-245 -1326
2516 -2468
-4491 -2337
-4353 3304
3570 291
4805 -1558
2039 3569
-2952 -4520
4990 108
1178 -4859
-1254 -4099
1638 782
66 3168
3491 2584
2689 1198
-1572 3796
4873 2296
-3672 1734
4959 -3025
38 3529
2266 -3805
3323 -4343
1117 1724
2489 1107
3184 -4980
-2399 3282
-4079 4239
-936 -2661
-1241 -2445
1275 2801
3754 4703
1597 -21
-1649 -722
-3287 -1690
-2395 -1897
-3160 1224
-702 1515
1881 -4585
-1761 -629
-2125 -3577
-609 476
4705 312
-3933 -4879
-997 -3822
4029 -4722
3979 -865
1333 -3071
4114 4684
1207 -4173
-2006 3812
-4718 -3814
-3612 -420
2702 3270
-3652 2293
3993 -777
69 4736
1051 -3874
-3600 -1530
-3752 403
-352 1629
681 -1372
-4236 -2986
-3091 1230
-3302 3116
-1591 -308
-1720 -1309
879 -331
3271 4933
4291 971
2226 3284
1546 -2705
3020 -2403
-1578 4420
1067 -3978
-177 2068
2651 1856
2048 -233
3870 3957
-4003 1920
-1575 -594
2964 1705
3097 -4805
2726 -2280
-4872 -1631
44 -1293
-3347 -3410
-2646 1025
-812 -2872
-3203 1607
-1850 -2028
-1325 2153
4828 2075
-3080 50
1032 -2083
-3030 4457
-1325 4935
-2485 -3228
1482 1593
-4155 1611
4963 889
1670 2968
2479 4024
-1006 3019
-3847 -2857
-4021 -4345
116 -346
2809 -56
3082 1081
1347 -886
351 -331
4924 4026
-4044 3791
2151 2439
384 2996
-950 -3301
-4763 2072
4668 -932
1096 -4986
-2912 -1399
-2843 -1933
-743 2273
-927 3418
3570 -2845
-4149 -3731
-2378 1202
938 3898
229 1895
2689 -2620
-666 -1927
1728 -264
-3875 -1683
-3192 -4207
2385 -744
2159 825
2858 4316
244 3467
-2058 4318
-1763 2864
2825 -912
4133 1799
-4709 71
697 -3128
3318 -1614
-748 -2348
-2188 2332
2388 -1063
2001 548
-3918 -614
4805 3241
1564 -985
-1091 -3192
3834 -1797
-3874 -2929
2419 304
1159 -2096
-2897 -2198
-672 -847
-326 -2354
2539 278
299 -4649
3962 4039
-4360 963
-4060 3074
-4650 -4255
-2333 1914
-3888 -2071
74 4946
1132 -2447
-2983 4904
2857 -472
-2192 1312
2331 2136
-4535 3357
4783 -643
-1364 -3566
-292 -2402
1825 -3299
3562 2765
4775 264
3510 -2557
3530 4622
372 -1396
4568 2856
1157 2937
2760 -4634
-2534 1921
1679 1149
-943 -1504
-494 -4808
2853 3142
-3374 3914
2093 3452
-4385 655
1217 1742
2271 -3920
537 801
2054 -4091
757 -2025
118 -3085
-4088 4230
3633 4730
1151 312
879 -4791
161 1738
-4599 -1986
-120 3380
-3072 3325
-1816 3895
-4668 4401
-3010 2603
1833 2527
4756 -1112
3437 514
1863 4907
2429 -873
4137 1062
-1142 289
2727 1089
-3150 4240
-2173 3603
-2746 -940
1983 -4465
-2615 -4833
782 -2282
921 2772
-4679 4106
300 -4922
-2006 -4911
592 1209
4996 4373
-4663 485
-3213 -4453
-4226 866
1636 -2376
106 4464
2580 -1287
-1476 -437
-4400 909
-3917 1382
-21 -1644
-4493 301
-2538 807
-3269 457
-2752 2323
3018 3596
-1952 -293
-919 -3813
254 -144
2054 -3109
-1168 3512
2707 -3588
-2775 2583
-2672 -2175
-1508 4763
560 -176
-1881 1067
-4875 581
-3126 -3144
2390 -4526
531 409
4070 3579
-4884 -1849
4766 371
-641 -1828
-1386 3192
-3315 2673
956 -4738
256 -364
-1912 100
-601 3648
4924 -1130
-3933 1401
4452 -2059
3257 1842
4767 -4860
3603 3837
3719 3720
-3012 -162
-4557 1348
-638 -4591
-4108 1047
3082 -1800
-2338 4690
2837 750
-210 3588
-4250 -285
-2541 -3183
-3884 3263
-3890 726
-3543 -4123
866 -4939
1066 -4062
3781 3054
-2872 576
-598 1490
985 -3354
3890 -4581
-153 -3448
-4891 4036
-1346 -101
-1024 -4244
966 1435
3925 -1565
-3950 1387
513 -2492
-1384 -3621
-2431 4682
3669 2702
2736 -4203
-1722 3491
2288 615
-4863 -2470
-2614 -3664
-918 -2505
-4628 -912
-1254 -651
-156 1065
2136 -1231
4500 -461
1508 -3635
2047 -4876
-2256 968
4806 2766
-1330 -1106
3563 -1700
-2615 -2797
267 3875
-267 2653
-4789 167
1500 1936
4255 -4754
2637 -4549
1311 -3875
-4428 -2837
664 2080
-1472 4063
2204 -2375
31 2010
-4609 53
-4095 306
-295 4642
2510 4972
3517 3595
-1023 81
-1237 -4523
3369 4370
2076 1006
1174 4739
-1517 1746
-3097 4148
-1173 -3217
-437 2383
-592 947
-606 -3849
-4000 -3349
1458 -2942
2645 -4680
3382 -2485
3915 -2640
2596 4030
4189 965
-247 -2383
3323 -4073
-2643 -3194
2673 -4388
2306 2852
-2605 3222
236 -1844
-831 982
-693 -3479
2633 2117
-1421 -3370
2437 -3038
-855 1353
-4326 -3259
-3265 4863
-942 1488
-2519 3733
2415 -3810
1892 -3559
-3198 -802
4293 -803
3772 -471
2353 -2059
-4489 3013
-537 -504
130 -606
1127 -2432
1356 -4728
273 2030
3366 2008
-1754 -2576
-1503 -2921
-3842 2264
-1731 3050
3705 71
3600 2999
4268 -1275
-2472 -2026
1666 4392
2339 2481
-1112 -2531
3228 -4985
-3611 -416
1640 1662
2967 6
-1329 2565
2430 -1480
4644 -60
-4216 -2087
4342 4490
-664 -705
-1159 4956
3020 1369
-2070 -3962
-2887 -4731
-128 1002
4091 -1900
-2631 -4520
-964 4009
-1505 3355
-4633 2166
920 -850
2038 564
4090 -826
-171 -215
-4984 4165
432 -1143
4122 4804
1579 3404
2194 3692
26 3418
-3954 -883
-3482 -1584
-4051 -3093
3777 -556
-4738 4145
2962 1183
-1705 0
3099 3737
527 -2071
4874 543
3446 306
4401 -1080
-3538 980
-2675 3657
-3976 -1297
2075 -2929
-828 -54
-3161 121
1853 1968
4566 -1533
1113 -1120
1002 760
233 -898
-4150 -4240
-1617 -4276
1303 3181
-2617 704
-2898 -1155
3036 -4221
3854 413
-518 930
-1164 3654
2228 675
-4873 -4567
-2357 1045
-1100 109
4926 1255
2221 159
1709 3071
919 -4908
148 -2778
-375 -1117
-721 1727
-920 3667
2506 -2065
-4568 3340
217 -732
1994 -2555
4943 -1526
-2122 3939
4519 -1870
-952 4445
737 2621
-4044 -2554
693 1875
3890 2193
450 -1484
-3924 1081
-4757 -3492
-3900 -898
-557 -3467
-2558 1012
801 789
3457 745
615 2687
-316 134
2170 84
-4068 -2093
-2295 -3112
354 -250
116 -756
3295 -4434
2760 723
-2001 -644
2232 -901
-190 -3325
632 -1396
2688 2786
745 -2503
-1469 -3640
1537 -433
1495 -1293
1003 2427
-2034 60
667 3320
4811 -4217
3917 3106
2701 -1971
-1170 -4300
-1263 2414
-3848 3547
441 1784
-2848 4481
-430 2897
-3021 -547
4258 3516
372 -2895
3575 2727
4532 -3459
-2212 199
1214 3951
-2665 -3517
2057 -4964
-488 2239
-4263 -398
-3995 -3111
-1851 1447
25 -3347
928 948
4551 2907
1753 161
-2225 3478
2266 2702
1205 -1850
596 3993
-299 -3190
2944 2036
4645 -3646
2073 -4491
-55 -838
111 951
-2597 3261
3750 -1220
4914 -322
1080 817
3938 -2166
-4022 3065
-3688 -404
768 2517
2746 -3636
-2137 3800
4526 2159
836 4171
3513 4261
4680 4811
4775 -208
-2886 -2822
4405 -4136
-2689 671
542 3391
-3511 -520
2577 3819
3898 3889
-1584 -334
-2241 2514
-2618 -3026
1314 3260
4133 -2849
-1217 -1001
2764 4815
-1190 2540
-4041 924
1070 -4636
1788 3381
-2612 3682
-1875 -1123
4515 -4298
-2304 3413
944 -2536
4431 55
4979 3165
2029 1293
1425 -2486
-204 -4792
1513 -2439
-4977 -4677
-4899 2335
-2401 -2477
2699 4387
2257 -4913
3070 -4618
-4684 -1063
-3916 4365
-2650 2028
-3171 -3219
-2917 3160
4946 464
-546 -2277
2979 4250
-2069 -508
3163 4306
-3832 -384
1641 -1233
2140 -4307
4507 -603
2132 -1071
-221 2449
2866 -2785
-1834 -4784
4244 -3653
3349 2679
4508 -353
-1856 -1038
2370 -3877
4564 1653
-3033 2728
-2689 -1865
-2656 3953
-1745 836
998 -2238
-4767 -1870
1691 -3636
1931 -4091
-1420 1449
2477 4176
2797 826
1855 2305
-4527 1351
2619 -805
-1174 -1465
-4152 794
-3737 -1841
3929 4960
3464 -2816
-2852 -538
-3702 3734
-1055 -659
-4902 2228
250 -4970
-4970 -2273
4206 2827
-95 -2586
-3516 -3270
3765 4103
925 -2408
3990 -1875
-262 1606
1285 -1333
1566 -3899
-2796 66
-3084 4854
-1200 861
-804 -1101
4441 798
-4719 4471
3526 4488
-1350 4783
3254 134
2866 -1629
-4411 -1209
-2685 4580
-1731 2053
1186 4554
2073 4104
2007 4277
-830 3923
483 2971
-216 4679
3222 -4422
478 3503
1401 -4644
-657 -4948
1491 3949
-3462 -643
-2679 3480
-499 -364
-588 2770
-3310 1950
-1324 3763
1054 -4317
-608 1576
4607 4875
-4101 -4257
907 473
2673 -3615
-4671 -925
3093 -328
-4521 -416
-1378 3369
3942 -2705
1849 -1557
1931 -3739
2565 -27
3211 -3759
-4912 -4383
3276 -4168
-1454 2883
2060 -4203
-21 -2033
1271 -2348
-4296 1600
-1921 3797
2624 -1442
-1619 2598
-3072 3675
4893 3777
3470 -1823
1391 1035
-498 -398
-1372 -4057
-3428 -3095
-3225 118
1140 3835
915 -3881
3154 3538
-4876 3858
138 -1797
-993 4115
1762 -1259
-1935 42
-2584 4311
-4829 -4113
-2512 1562
-1726 -1658
2517 -1745
-715 4089
160 -2587
-4441 2652
2600 1474
124 755
-3635 248
-4035 1503
3451 -27
-3030 -3435
66 36
1607 2482
-653 1779
-279 -1813
4693 -652
-2119 2210
2603 -1481
-2349 4115
932 -1790
1767 -1468
1037 -3109
639 2402
-1509 1605
-4743 3295
2930 -2772
4860 -2004
-1384 -2180
1830 -685
4599 2904
2502 4292
-2748 1735
-2145 4855
-4746 506
3970 1186
3717 -2911
4719 -246
-4667 -3290
-2844 -1176
-333 -2587
-2881 -2403
-4007 -3020
-3055 -391
-200 128
3924 -4249
-1968 -2222
1395 284
4514 4250
139 4768
-3891 -4539
-2693 1178
-2450 3378
-4068 -2117
-4912 4440
1708 -244
3205 179
-1295 551
-1489 651
-4840 3311
-4221 437
414 -1189
-433 -3190
447 -4567
2412 1938
1554 -127
2399 3861
-3949 4949
2239 3335
4185 -1321
2775 -2755
-213 -2667
2424 3493
2884 -4064
-4504 -604
599 2627
1185 2366
2790 -4247
4176 -1763
2538 -2060
-4825 -908
-834 2574
-2047 217
-1125 1544
-1447 4412
1576 2680
-3343 -3637
1365 434
4856 -4399
1370 1704
-3650 3321
-669 2535
687 -2879
-360 -3785
358 -2821
-4492 -3115
-2377 -326
4459 577
4891 4687
3473 4796
4099 -3599
-1171 2109
-2235 1546
-2457 3973
2148 265
678 3498
-1414 -4991
1033 626
3483 2026
1841 -1159
557 2349
-2921 3180
3375 2890
-4891 -381
2577 3583
-4233 -1971
1336 -404
-4862 4101
-3857 4033
3075 -357
-702 -4895
-1859 2884
1466 526
4862 -51
-2448 1704
3791 3109
-4595 -4130
-2358 3781
3760 -2249
-1600 -2310
2686 -833
-2929 -977
116 -2791
-1876 -2389
-3758 2551
2254 -3108
-992 -4605
1128 -4525
-2727 991
424 -174
-2305 -4433
4287 4452
2789 -3071
3233 -2098
-3967 2985
592 3719
3505 2663
-2258 4973
1224 -2781
-2416 -1182
1122 4838
710 -4869
1585 -3162
-4394 3858
2829 1030
-4964 1876
1598 676
1329 -613
2605 -4086
2289 3638
3900 4233
-1290 -1243
-1752 1452
-1270 4472
23 1314
4642 -3854
-2496 352
-3723 441
-1457 -3117
-701 -3628
-735 -4312
-399 -4137
1364 -4070
-3397 -4679
-3156 244
312 2096
-4170 4022
-4147 -922
-3174 -4065
4903 1850
-1399 4545
2996 1105
-3750 4273
2898 -3855
2508 3550
-2483 -3227
4238 -1530
3989 602
-600 1944
-2725 -2403
3540 2587
4693 4370
1609 1899
-1551 -212
-814 4704
-3362 2788
601 986
-4755 1851
-3389 3144
2996 4119
1694 1866
2244 -2716
-4664 -2415
-762 -3911
881 1513
-1314 -578
-899 4731
-1208 2062
-2018 -1407
-3150 2169
4649 4840
-43 251
826 -3446
3454 -1211
4698 -2197
-2092 -2256
1021 1505
28 -2291
442 4266
-1202 -3676
-2868 -1164
746 1233
4920 890
4647 4254
4484 2850
1423 485
-958 2732
-4264 1221
4287 4191
-4990 337
3346 -2081
3082 -633
776 4462
2076 -3782
81 2227
-2458 2213
-3937 -360
4798 2335
-4469 4445
1590 1367
-1353 4365
-3148 2690
2098 3941
-1089 -2263
3132 -1079
3074 1478
-1808 -2492
-4155 3968
-3029 -727
1539 2052
-3500 4081
-735 3916
-4926 -937
1251 -4395
4860 -2159
-1676 -1492
-2793 176
-3802 657
-883 -3539
3394 3601
382 -2180
-3569 -73
329 3628
-4753 2300
-2098 1786
-648 -4246
-2780 -31
4670 -2706
384 922
4251 244
115 -2425
3752 -1326
-897 1302
4331 -427
2763 -923
-1826 4498
1898 -4042
-575 -2773
4586 -328
879 3840
2811 1583
4595 -4969
-3448 4265
-2675 1936
-3461 2928
3532 1655
-4497 2285
-4671 -394
4939 1013
531 -945
-4910 3706
-1447 -1660
1016 -670
-3081 602
354 2798
-4205 -1835
-619 1742
-1804 -2715
1007 -3127
573 2547
1153 -894
-4446 1656
2743 -4117
2615 -966
1896 -1854
3089 -1661
3204 2994
1679 -780
-2676 3599
1175 2679
-2251 -1678
2196 -1517
-4936 1745
768 1071
-30 2694
4970 -3876
3152 -4476
2780 -2753
2760 -3253
1281 -344
-106 -629
-653 4450
-2635 -3973
-1329 -3958
978 1198
73 3727
4520 -2731
3562 4584
4014 -669
-2993 -1015
3377 3330
109 -2119
3854 4241
128 -2034
-4011 -3591
-1025 883
-2868 3322
-3315 -4150
701 356
-3108 -3321
-3446 1965
1759 2426
4234 321
2010 -399
1004 370
-62 -619
-1300 -4953
-1386 3906
4288 3742
-3127 1629
1504 848
3864 3636
-830 -4450
4486 4872
906 -3622
2903 -1187
-305 -338
2591 -4718
1336 -398
-117 -2660
4972 4821
-1926 -4976
1220 1688
3930 -3140
431 -4197
3490 -3065
1651 2354
1923 2174
2904 1410
-1602 -4837
-860 -3699
-1024 188
-2684 -3433
470 3652
-2479 1705
2344 3845
-2122 -4582
3869 450
2107 -848
2310 3890
-45 800
2177 2959
-1845 -4548
-3515 2411
-1786 -117
2574 -1293
-2464 2902
3895 -148
4470 -4283
4856 3343
-1226 2201
2189 1652
2619 -2590
-2898 -3922
1562 764
1320 2870
-3435 -1503
829 -3928
-4698 2314
3483 -1484
3549 1058
2223 -3915
-1040 1118
-2710 4782
-1813 -2854
-522 1961
699 3019
4965 4671
-4571 3419
-4251 -1656
-816 2070
-3786 -2899
1919 -1605
-1827 2221
2061 3008
2090 610
-934 -687
-1953 -621
-4568 -3311
-4487 4971
-4812 -9
1933 887
-1990 1898
558 4792
318 -2340
-1864 854
1082 -4298
2955 4353
-903 -3872
-2073 2510
488 -4983
4472 4555
-670 -2481
-4714 -3886
-4439 -4201
-3914 -4251
791 3019
-2012 153
-3731 -101
-55 -2061
2559 3081
3793 -1359
3783 -1900
4346 4232
-4420 -2727
1742 1069
-2710 1214
-3024 -2027
86 -2738
-913 647
4413 173
-2252 -3444
4544 736
1710 2166
-4365 -3345
-4895 -454
1089 251
-461 -128
3351 -1114
-895 3932
1159 2199
1 -198
-1586 1977
2775 3500
591 -3138
-4501 4
-1612 -1753
1561 4284
335 -1729
1450 -2677
-3722 -2092
1869 2367
3159 -3591
3592 1510
-3353 4049
-3206 2806
1248 1795
3960 4662
-4876 1735
-486 715
-50 -3635
2072 -310
-388 -1367
-4674 1300
-1744 1777
3623 -466
4685 -3156
3254 -804
-1747 1846
2058 -3748
895 3853
411 -2857
648 -629
3158 -2875
2459 4024
2840 -2591
-4610 -88
-1549 -3646
-103 -1223
2654 3153
1906 1277
4040 -2057
3122 -1354
2139 2727
-4508 -802
3980 -2261
-1949 -609
-118 51
114 4392
2176 -2427
3417 -3631
-3666 159
1281 -215
1513 -3821
-85 -832
684 -3179
-4555 -3924
-235 -81
-278 3256
3999 -3434
-2546 -669
-695 -3143
3722 540
-1739 -4812
-68 1789
-2238 4701
3158 -904
-140 -560
234 -3626
-3029 -4851
542 -993
3322 -2661
-3564 -1913
-1389 1158
2696 -2390
-923 -4850
1941 3382
3360 -2985
-1078 2973
3555 207
-238 -3683
-92 -2079
-3234 4769
-1287 -1648
2495 -2964
-1499 4389
1043 3175
-3272 -1169
-3737 -3309
4990 3959
-4347 -933
461 2594
3801 -4827
961 -2276
3146 -483
-717 -2091
-2814 4191
-2818 -1048
312 895
-1344 4159
-717 2157
3548 1678
333 1629
-4490 -2052
3320 1852
3259 3974
2271 -4928
-2080 1072
-4754 234
148 -256
1103 4431
-995 3289
3623 -2461
3594 -4713
-214 -2750
4447 4069
760 2995
748 2445
-376 -2390
1745 4297
4462 4
3271 1733
-3572 2543
4157 3026
-2223 -694
-2229 3880
-1263 -1872
-1478 3712
668 -2884
352 1806
-4282 -201
876 1478
4146 2976
-4725 -4877
1938 2020
772 1400
3376 -4605
4485 4805
2938 3642
2831 2068
4300 1954
948 -1962
1435 4470
3102 3455
2938 -1546
261 3657
-395 -3863
-3513 -1248
465 -3237
-4773 -2597
3783 999
155 2160
1394 -4008
1965 -668
987 -3852
-3600 287
3103 -1299
-323 -462
4523 -2220
-2007 2462
-2414 -394
1119 2192
744 2606
2296 2561
4369 2523
1317 -495
-1478 2824
-3335 1268
169 -18
1952 -3844
1130 -295
-2205 -767
3406 2473
123 2929
1605 -532
-3257 4191
4075 -786
-2265 -3829
3173 -4969
84 -1106
2554 -3599
3399 2428
578 -4936
-1304 -4253
-3602 2001
-3097 2529
-3294 -3950
3114 -4888
-125 4590
-607 2832
-942 1137
-1624 4485
1703 1111
-4344 -124
1143 -2907
3771 -4951
4846 2170
-1170 424
-1413 2526
1171 -15
-4121 -574
3866 -2415
477 1981
4049 -4648
-2077 -1557
3185 1981
932 -3439
-2181 -2365
-976 4827
2512 -4833
-3080 1283
1569 -3233
4805 -4601
2191 -1608
-723 4715
-270 157
-859 -1404
2742 970
1929 1792
1323 4852
1587 -4140
-1814 -2481
3773 -2643
154 -2203
-2816 4018
4317 -4543
-3347 886
-2776 -3541
1285 767
-3797 -4438
482 -2715
719 976
-2766 4814
-3054 515
1606 -379
-3280 -1807
481 -3742
-2936 -746
-1385 -1430
-1596 -2849
-2411 -2279
-2392 -4406
3607 -168
-2947 -3756
1952 4609
-3194 3786
3246 -1122
-238 1832
-1308 1709
-2652 -4702
-3670 -932
4843 -1836
-3322 -3093
-1230 293
477 2174
2444 -582
1247 -4947
13 -3794
-3763 -1582
-2550 -459
4379 -743
-1672 2626
-513 3090
-542 3179
-3849 -1842
-171 3834
2226 -3976
3350 3904
-2069 -2880
-4451 -240
647 2994
531 -3106
-601 -4456
-1899 -3012
-1038 551
1530 -1658
1160 4858
2320 -4353
-700 -3222
178 -3196
-63 1359
-4362 3515
2383 3988
-1228 1666
2460 -679
-3573 -1893
3667 1958
2 4418
-1146 -545
-3593 2816
1358 2937
2510 3871
2795 -170
870 3447
-2039 -3951
-4749 -750
2408 -4111
4117 -208
1229 -2111
2810 -1310
-1437 4237
1797 3582
-2453 3151
3001 1401
3958 4408
-4430 317
2345 -568
-812 -3508
4263 -4942
4939 3576
2459 -4809
-2174 -3780
2432 -3057
-2636 -1338
-3815 -4826
-1296 -3900
764 1853
4682 3311
-3643 -965
-3935 -4685
-1557 2987
632 2140
-2581 1172
-16 3034
-2417 -3724
1610 1394
-3533 788
2614 251
-916 4978
265 -3379
1505 3969
-2279 -2731
-2825 3755
1932 -1468
-2209 2997
-1153 -2414
984 832
1079 -244
3356 -3937
-2210 2291
-2661 753
-1314 -4842
2893 2652
410 -3023
-1017 2027
-1402 -4512
-2651 -2329
-2243 -476
2779 4689
3056 -4430
-961 3255
4508 1375
-913 587
-3869 3796
-1997 -4726
1087 342
-2621 1125
-3147 -4728
-1222 -1385
-2750 2761
-4358 -2800
-399 -2009
-3776 -1290
-1133 4003
4751 -3077
925 -1210
1531 433
1518 1970
-3979 -999
766 -976
-725 -3146
718 -1994
2979 -1077
-1721 3109
2538 529
-2778 3181
-919 1823
2524 305
-4467 -3608
-4340 -4715
4667 1585
-4573 1198
-2981 1945
-1831 4392
-4053 287
4768 -3426
2141 -3162
-419 -3527
762 -788
934 -1700
4741 3157
2833 -4826
-20 -3290
-3168 -3134
4454 -2508
3503 4121
430 3930
-3328 -1199
876 -3807
4545 -1825
1480 4313
-3899 4974
2503 -2966
2799 -1735
1246 -1267
-2082 -2661
3242 2103
3866 4575
165 -4302
-3559 -381
4542 4944
-4907 -28
3874 -3235
125 -3898
-2042 -330
-4371 4438
-4665 3083
4412 2839
1469 2211
2456 -2284
2297 1726
-3593 539
-1170 -4727
114 3995
2323 1555
4967 1866
-2149 -4940
3190 3078
-3175 -1684
4180 -3865
-662 1162
1925 -326
-755 -2310
3865 -4286
1253 1321
4782 -1450
4400 2542
4090 -1770
2815 -4444
3577 -3509
-1536 3544
3357 1315
3604 -2101
-4255 1781
-2433 1278
2916 1906
-2560 -3806
-3420 -1963
-1116 1797
-4897 -4863
4470 4886
-1312 3870
2428 4130
-2900 -3405
1038 2030
-1914 4502
-3074 2795
-2830 -4469
2047 -2085
-1336 4614
545 2933
1520 2985
4127 -548
2374 -1989
-3751 2478
-1852 -4280
2364 -1812
4590 -3856
-2682 3043
4091 3357
73 3530
-789 -1649
-2323 1381
-4766 4724
649 -1101
4339 -3806
3184 859
532 2311
1664 -2094
1674 -735
-4616 4822
-15 -900
-1989 -4072
244 -3319
3971 -4312
1390 -4604
4218 -4398
-4901 -3105
1983 -4666
-3380 3984
-767 2311
-4821 -2583
4522 711
1080 1186
-31 -2246
-4548 354
3928 -3211
4454 3291
-2283 -3949
4973 3040
-3261 1363
-212 2309
-1683 -112
556 1653
222 2176
637 807
-4161 -2832
3224 -4638
-769 -4344
1548 4201
-1590 -1648
-4093 3690
142 -4639
1982 2859
2764 -1693
-2748 855
1022 2040
4516 4340
-3072 73
993 -1498
3601 2982
4309 4441
1503 -1115
4803 -4266
-459 -2297
1287 -697
1056 2194
4346 -3802
-1092 1328
409 3024
4635 2661
-1120 -2991
-298 -1604
-3651 -2018
-179 -1306
-2163 -1577
3029 -2854
-2136 -468
-2616 4019
-3382 -1723
-3278 2906
-1067 -870
-3548 -1721
328 -3288
4607 2090
4737 594
-249 -1383
-1045 805
-1635 -3343
140 3187
-3297 2977
-3390 4732
1475 -4174
-4384 211
1197 -2765
3489 -729
1493 -2578
3402 -703
-2947 -4918
1010 3012
2172 747
4958 -3076
716 -1087
-919 4081
570 4221
2268 2274
-1450 230
-1642 1378
-2592 -1025
-3411 3605
-2438 1430
-2123 4055
204 2631
4704 2257
2713 714
-3379 -114
-3539 -3421
1810 2177
493 2243
-2389 2415
1465 1231
-3959 1367
2814 -600
-2255 -4778
-273 -4313
180 2289
2117 -591
-2304 -2678
-2960 -2600
931 4753
-533 2553
-4009 928
4132 2801
4458 -4023
45 -2931
-255 2862
-348 786
-771 -2534
1538 -1673
4041 -3735
-986 -779
-94 -3869
-18 2602
4805 2022
1355 -2911
-1873 -4178
4642 -881
-1898 126
3272 -2440
-2544 4669
-4019 -1447
2531 634
4339 3113
-548 -2770
2792 -1507
4847 -3194
2714 -246
4289 4048
3708 4095
1070 63
2536 550
885 2178
4669 3988
3656 2941
2900 2464
-1037 234
-3983 -3506
2220 1709
959 -3328
3939 -1249
166 3786
-3091 4232
4892 -3801
3281 3601
1646 -4297
-1336 -818
1253 902
2712 922
-3758 1368
-4784 4142
-1167 -821
-4272 -3798
-2975 2948
2911 -663
4621 1850
-560 -3861
-3011 1350
1723 3233
2549 4
1834 -4453
708 1851
-271 3313
4105 -2559
-4412 -4653
161 -4196
841 346
-3665 -2078
1549 -1640
-4130 -540
-951 1843
2663 3490
2982 1004
-160 -294
-763 3741
1062 2424
4288 3122
-4373 -983
1436 4732
-2190 2024
1431 -677
-820 3624
4670 515
-3454 -2429
227 3769
-1617 4277
612 -3954
2767 -1405
-1598 3959
3301 -1008
2700 -4285
-3584 1988
3838 3395
2357 274
-521 1519
-2702 2262
-4158 -2170
-2762 1864
3345 -1215
4435 -1428
3906 -2181
4201 -482
-4783 1968
3113 4972
927 -2234
-1036 4979
-1518 -3268
-1681 -2680
-4873 2028
-1054 -4042
-1453 -2404
3220 -4258
426 -4542
2606 -1229
-4405 -1606
-1305 4501
-2435 -2103
-980 -2218
1217 3485
4106 3497
2604 -1930
3476 2438
-198 -3204
1110 -3719
3824 -4944
-2761 3724
-2348 1811
4466 3078
2270 -1576
3201 -783
-1830 3248
-1281 735
-3855 -909
-130 -1285
3928 -1024
-2788 1532
-1601 -4312
-1030 -447
3836 -4920
835 -987
1488 -574
-2263 4140
-3762 3555
-1430 -140
3331 3123
4077 -3498
1372 4148
2237 -1131
4591 3459
2584 3520
-2564 4796
52 835
1837 375
1740 673
-3193 -2425
4686 3296
-1646 3775
2436 -4056
2330 2359
-2844 -2986
482 2585
-1484 3206
1734 2105
3428 1325
565 -2636
-3803 -647
3513 1250
1540 350
2977 -1720
2375 4784
-2792 -1586
3080 562
-2811 -3131
-2142 872
4228 14
2886 -3938
-2401 -3598
621 685
-141 -951
3363 -4576
1413 4560
-223 -3722
-2838 -3683
1628 -4861
-4050 -4644
4924 -1842
-1230 3004
3720 -2689
4873 2930
3183 453
-2056 -2579
1516 543
-1177 3489
2581 35
-2462 944
459 303
-3144 1589
1582 -981
-742 4562
-4490 208
4918 -4566
3366 -4960
-209 -1562
-2648 -3984
-3632 1887
1470 -688
4309 4338
1208 4484
2827 -4859
-481 1717
-2563 1331
3372 -707
-2080 -3694
-336 2178
2221 175
-2613 -1509
-3039 2105
-1468 1752
-4456 -2764
2769 3264
475 -4409
3929 -216
4929 137
-4379 -892
-3370 140
2177 -933
-3529 -3099
3360 -4257
-1792 4377
2922 -4571
-448 1661
-4728 1513
-1234 -4844
4618 -4338
-2608 -1261
3927 2868
-670 2856
4004 -4389
4345 4625
-281 -4025
-3882 3248
42 3941
-4851 4754
4685 4709
4131 2607
1490 -4965
-4380 1763
-2099 -614
1919 -2481
-3599 664
-2390 -4672
-1468 1940
-464 3888
2551 -1119
3514 3622
-3792 4632
-1778 -2398
3573 -1629
-2644 -390
-1919 2840
3569 4571
2875 4189
1334 2128
4928 4606
999 -3671
270 3609
3009 154
549 3897
-958 4452
4130 -2444
-574 -4662
3540 2648
-2060 -1534
-3980 -3352
3076 -4547
840 1646
-4976 -4932
-2813 -2289
2196 -2885
-2683 -1804
4796 -1061
3157 2805
4093 -4941
-1946 -1865
4511 -2816
-2956 -4710
-2478 -4416
2938 -3186
-4598 310
4815 -169
-2885 655
2829 -2860
723 -4984
-3797 4272
3484 4872
3820 3280
-1189 1977
-2562 -2096
2036 492
1039 1548
2677 3083
-1810 1551
20 -3872
-282 422
-2209 -467
1605 -94
1540 -566
-1602 -2736
-549 -4047
2888 -2065
-4175 1708
-3785 -364
-1315 -4995
-1108 -4278
498 1284
-1378 -1825
-4281 1812
1078 739
-708 -4204
2514 2083
-3319 -881
3342 3222
3554 3092
1838 4357
4046 -274
-2708 1223
-3566 4859
-4140 119
4865 -3896
841 -3285
2388 4463
-3758 3108
-2373 2320
-4801 1920
-531 -935
-4645 1150
3185 49
-628 -1909
-1858 -3790
3800 -2812
936 -3908
-237 -1278
2303 -3025
3842 -1480
-1920 -3965
235 1820
-4501 1477
-72 4478
-4850 -3520
1398 -381
545 1754
2121 -1270
-3197 -3506
-1827 -3703
4056 -3027
4837 -3655
4417 -399
67 1721
1576 -4739
1593 4656
-3703 -3171
1477 3148
-342 2757
2626 -3840
4237 -975
779 -217
2131 -2099
-135 286
-4253 3039
-2064 1155
1364 -2227
-1148 782
2374 272
3855 -4697
533 -3200
1311 -1818
4981 -2212
-3670 -360
1898 309
800 -2513
686 2932
2270 -2183
2185 3488
-545 -716
-2121 2391
1791 4243
1517 -4356
-3623 -1109
-2732 -4768
-4454 -847
-2967 1858
2336 3366
4646 18
-1994 -2104
-4673 159
384 1013
4443 4006
182 1628
2494 4638
2264 -4627
-1619 -945
969 4898
-3949 2346
-4858 -1681
-1069 -4312
2473 -2684
2546 -191
-4318 -1455
4827 -4959
1441 1507
200 3177
-2480 -4005
2184 2703
-1025 -322
-1307 -3761
-3596 2074
294 2373
1973 1346
-281 -1533
4665 3650
-845 -1510
-4034 -3298
3299 -3351
247 -521
-3310 3040
-4014 -1758
1218 -1494
-763 -1598
2561 3212
-568 -3746
803 836
-319 -3903
-1791 3006
-1205 -719
-3527 4813
-2069 628
-1697 -4750
-1318 2955
3251 3929
-2566 1293
-1678 4772
4535 892
4630 -4876
646 2192
-312 -4922
-202 -4509
-2733 4479
2940 -3172
2485 -3264
1109 3958
2901 393
-4061 -3796
643 -379
4159 -4754
4903 2945
1539 -1775
-931 -2574
4117 -1300
3902 -3885
2244 -1410
-3807 -2958
-919 4812
2874 -2979
-3359 359
-4891 2750
-4330 3010
4495 2961
567 -3510
-2418 -274
-3264 -2515
4024 -373
-2938 -1907
2053 2531
1793 955
3646 -4611
897 1192
-2568 4978
1004 -4694
3352 2645
-2983 3461
-3252 4039
-2176 -3757
2000 3391
-2266 935
4469 -4178
-228 3493
450 -1813
2939 -2497
-4282 -3916
-189 717
-3526 -4292
-3091 -4742
2039 -735
1916 -3257
3263 285
1556 -4989
-675 4380
2606 2677
2771 1692
4964 2241
2515 -263
-2914 -2035
2924 1377
-3180 -6
2462 -2017
-4289 288
-1308 3972
546 2083
4590 -2538
3826 2853
2747 382
2864 3424
-237 -3178
-2546 3886
3515 -2582
-2521 1030
-1493 -4082
347 2783
2295 -1481
-2222 -3891
1503 4841
1397 1547
166 3295
-1370 -244
-4243 -2544
-2391 -143
-810 1825
4633 305
3647 3439
-4456 2162
2210 -1977
4544 -4283
-1059 -3757
3501 2589
-237 -3721
3698 -3734
2472 96
2813 -2362
-1609 -3557
2394 -4499
-4749 -4997
-3290 -4207
1828 2695
1099 -3172
1135 1643
342 -1655
1018 -3761
-938 1312
-2518 3915
-1099 2245
1546 -2401
3511 -981
2695 1324
1657 2439
-881 -948
2940 -4278
-4593 1002
2868 -1412
-1303 -1033
-3232 4832
1962 2110
-1823 4332
3349 -1408
644 -4168
-2493 4545
3077 4054
-2855 -2059
4425 1192
617 1082
-1369 1089
1486 2923
-1837 -1754
-1075 -3969
1834 2623
-2 -46
-1193 3312
-2936 1985
-1003 -4586
1929 4641
2598 788
4187 -2973
-3806 2684
-3680 -4381
-1124 1938
-1946 -1140
-1973 4540
-3217 1190
4138 -2939
2222 -2676
4684 3572
2278 -1509
-1763 4343
1828 2234
1109 -1243
-1773 -4941
898 3766
-2914 2092
1450 -1593
2712 1679
1697 -4234
-4461 1076
1658 3674
-2734 -2851
-4265 840
-527 1771
-4235 -3248
1615 -4646
2447 -1557
-1060 4908
-1447 -1481
4967 4451
-2714 -2947
-2105 88
-3188 -4393
-3233 3509
2725 3658
-415 -4264
2333 -1796
-2115 -580
396 2358
-3808 -2487
462 -841
4219 -2091
-1046 4511
-2183 -1141
-1969 4136
-1690 317
-3810 -2442
-4595 4354
-1835 3525
-784 2243
2183 3801
2979 -4132
3357 -4136
289 -4894
-426 -2167
3971 -4963
1992 3191
4298 -4054
2702 3468
-194 -4267
2604 -532
-2598 146
2026 -2192
-499 1544
-3667 3717
-1213 -132
-1130 3118
737 3580
334 2378
38 4908
-4789 -991
1297 -1445
-2800 -3052
-499 1255
-4584 659
1988 -628
1480 743
4519 -1494
3551 -4628
1402 1236
441 1541
2456 663
-341 -1807
-757 4993
-4429 4281
1254 2134
4643 3903
-4311 -3157
-4149 -3457
3098 2619
2202 -3561
-3008 -1318
2182 2863
-1459 -2915
-413 4943
-327 -4972
-2163 -2871
-2957 -1152
-3325 -2361
-4806 -2754
3272 1448
733 2915
-3297 1422
4759 3907
2965 -791
1526 -3480
-3000 -130
202 4182
4085 95
2619 -1328
-3609 -2708
-4948 -772
-578 -2904
3076 1097
-265 -378
-305 -1993
-3930 -4572
2275 4126
-1797 2034
3033 2520
2595 -4089
4040 4596
-2866 -4405
130 -3781
690 -2250
-3756 -1567
42 2648
2661 816
1096 -2910
3265 2183
1712 -2039
-4809 -865
4741 -1182
-1739 -2056
-4148 2646
-4535 -201
-91 857
-605 2043
1452 878
-385 3495
3628 -2789
-3072 -4978
4859 942
839 956
3032 -896
4491 -3904
-1583 1034
-3417 4511
4852 -3804
-2545 -4296
3842 4272
-3144 -1248
130 1251
2147 2934
-2871 -3238
1429 2109
-1027 3358
2132 -4815
-700 4323
-2507 3684
4779 -3016
1132 -1803
3019 2716
-2292 2871
3912 -3485
-72 -893
2140 1784
-789 3622
4387 -3642
1556 2869
4473 4338
-3670 4798
-952 3462
1335 -300
-863 3828
4736 -1083
2165 868
-1534 -3464
4936 1174
4407 201
-959 -4313
660 2533
-1177 4871
1155 -1789
2581 4064
2432 -1594
-246 3762
-1795 3802
-1423 892
-1498 2714
-279 4590
2983 3238
458 -3551
4774 -3253
-1025 533
1948 3017
1221 -2392
550 -4956
3831 3058
4607 1412
-1526 -1609
4819 3228
-2846 4376
2030 -2917
268 1884
1149 1341
1474 -867
-421 3284
582 -4295
-4969 4558
1239 -1669
-1073 3812
939 829
3856 -230
-4761 -184
2535 -1287
3207 -1294
-3059 1713
4434 3971
148 -3946
-2793 -3702
2396 33
-3217 3327
-1682 2365
385 4701
-1725 -3376
-1967 -1446
-4564 324
4384 644
1447 975
1812 -1018
4689 -3628
-960 -3370
3085 -1526
1954 4586
-472 4161
-4116 3276
-805 -2333
-2044 -1135
1384 3341
4918 1012
1317 -2049
4566 -1895
-372 302
3749 -3925
-3722 -3086
57 -4033
-1714 4097
3949 2723
3923 903
2309 -1549
-3583 -455
3080 -3036
-1436 -3964
-2819 1301
4377 -2901
-2687 694
51 3231
3799 1031
-1466 -1100
2106 -3836
-2834 -2837
3483 452
2612 2432
4528 1535
4688 1837
1338 2457
2735 -582
4421 2651
454 -3398
-1048 -3817
-1299 -2383
-1771 104
-4151 3380
-3865 -4265
3633 -407
-3101 -4201
1756 -4618
-2396 -4280
-834 -2868
-1393 -4794
321 4946
2663 4408
-4284 -1564
2060 -2477
38 -3988
-4942 92
-1370 -1712
1548 -4169
3020 -964
-3434 1653
3629 -1535
-1195 -3262
-4801 -2239
3810 -4283
-3755 -2582
-4076 1566
3716 -61
-2673 784
3376 4387
3307 4766
1751 -282
-3790 1733
3006 -889
2564 -2622
-501 4130
384 4480
3947 4189
2570 498
-3050 1381
-2432 -1805
151 4844
1113 -4781
-217 -208
1003 4511
-821 -4337
630 2283
381 1840
-984 4739
2303 2933
-2883 -3198
-1585 2501
2635 3715
-1958 205
-787 -3656
-3414 1781
-4109 -1911
-2023 -1643
-1692 2761
3149 4312
-1376 3681
1327 4254
964 -3292
-2553 1332
2799 4750
-735 1268
2905 2681
-1230 540
-2252 -1836
-4255 -1687
-491 3684
1447 -3248
-3227 4424
109 -3566
2185 -1741
2098 -4190
-3060 -1575
1416 -744
-3515 3863
-4412 4284
-34 -146
-3096 -2129
3887 -2974
-237 2987
191 508
-3700 1052
-4456 2747
2804 3670
2172 -2086
-4896 -4291
-2475 2202
2871 -4183
1979 -712
-3575 -184
4503 -2987
-4548 -531
-1781 -2644
-1308 3458
-617 3455
1445 4574
-4684 2746
-3022 -4140
493 4782
882 4017
4048 986
4727 2925
4540 2598
94 -2129
-3114 1519
2687 -3610
3533 -509
-2789 3104
1848 904
1563 -3769
-4289 -1992
2157 -3973
2106 4135
3240 3952
269 -878
2969 -682
1461 2696
-2757 -2647
295 2338
-3423 2181
-1143 4264
-77 3742
-4892 2135
1847 1956
4391 -1590
-461 -4898
-2230 -3304
2482 1229
2183 722
181 -2548
1196 -1850
-1878 4009
-4153 -3282
-3637 1142
4056 -2060
4675 4265
3556 -4049
-640 3664
-562 -3793
-3028 -1171
-4031 1511
-4717 -4909
-441 2765
1320 3094
4839 2853
-4453 1036
-3996 -4979
-3603 -3149
-3261 -2240
-655 2147
-2948 -4628
-2235 1961
2675 2125
-3023 -2887
-316 -4698
-2706 -2995
1813 3930
3448 2725
1695 -231
819 -2113
-2378 -2282
275 4978
-2260 1672
3181 -4169
785 3878
2979 -811
4251 -4256
2502 1926
-779 4480
392 3905
1134 -962
-4090 -2053
-2032 710
2024 1016
-4521 4196
255 4454
-3086 -4470
784 -3994
2202 -1034
3190 -2013
-2156 1169
-1471 3447
-1735 -3969
-3274 2486
1863 2118
1391 -2003
2508 -1347
-2703 1829
4363 4321
-2155 1195
3517 3100
-2999 1784
-18 2785
-858 -2816
3103 -2668
-3476 -4052
-147 53
4395 3118
-2564 2473
604 4300
-409 -3005
-2703 3452
-3000 -406
281 -3636
-4732 -522
-1089 137
-2422 912
3273 2560
-4951 -2584
1096 3153
-3900 -1028
453 954
4025 -3800
-928 2814
3674 1029
2114 4617
-624 763
3069 1377
1710 -1650
-907 1978
2828 3004
3467 1758
-4732 1741
-4330 1669
509 -1881
-178 1609
2091 -4725
3915 -2531
2828 -2012
-4717 1502
369 -1251
1119 4745
4512 -4459
1122 -2426
-4757 1567
904 3072
-429 -628
-3818 -3809
-3887 3205
2861 1622
-3676 4035
4583 -233
663 3499
2236 -1509
2839 -1129
4993 -1792
2620 -2536
-2047 -1515
-1995 428
1059 -1751
-3005 -3036
2673 -2081
1336 207
-890 -1199
4764 3323
1775 -3912
2359 1358
-2792 -1978
-143 4444
1513 4048
4668 -2142
-2744 2288
-3326 210
2125 -3968
1990 -1815
-4367 3985
-3499 -342
-3096 2837
4865 1015
2990 4630
-4310 -235
2070 3049
2475 630
-3929 -2667
75 -1064
-3619 -3905
-1854 4990
-265 -179
-3448 -3139
853 3542
46 1486
2527 -2101
-3856 784
2088 2361
3151 78
-1657 3841
1195 1766
1891 -1330
-2604 -686
1003 -1177
3251 -1263
-82 -3603
-4921 4654
1218 -3369
-3485 3423
1525 -2087
-3739 -948
812 3757
1188 -2100
-2529 -661
-670 814
-1819 -4475
-2420 -4928
-805 -3671
-4262 1551
152 3989
1640 1423
1739 1719
1077 4309
-298 -1056
2733 -3773
-1791 346
279 373
-896 2820
-375 1575
-2841 3955
3741 340
832 2674
-3236 -4973
4003 -2497
1578 -4493
2844 4570
1930 -417
1289 4359
-1107 -4009
-1697 -3374
-2782 -2136
1972 -1150
3237 2428
-3330 -2138
-4645 -4819
3169 4097
522 -999
1771 -1362
-4619 -2874
1141 -1689
-2367 -1014
-2118 916
3569 4171
275 3814
1515 -69
-4560 85
2795 -1235
287 -2615
2545 -1691
-3401 2901
-1509 4769
1998 365
-4878 -4879
4003 -4497
3599 -3503
-1185 2584
-3165 1697
-1500 1756
-2780 128
571 87
-4941 1011
-4827 2854
1128 -3188
1591 -1326
-3526 3191
-3425 -35
2960 -75
1682 3082
-3602 685
-62 1349
-1466 3753
-1067 369
450 -1214
-2874 -978
3914 2697
4110 325
-4940 635
4531 -2459
2447 1123
1215 3921
-686 -858
-4762 3626
419 1920
1708 -1831
3958 -3354
4518 -2508
1751 4803
-786 -2799
-1411 1340
-2424 3855
-4611 -3314
-820 1801
2321 -1288
4342 -3880
4835 -3091
1394 -851
-2597 -2016
-2225 2822
4905 835
-4009 215
-1166 1861
-941 -4415
1665 3273
4139 -4746
-4035 -3285
462 -3646
4753 4642
3156 2074
-1646 -1150
-454 -1811
760 2292
-1310 3163
-4723 -2183
-2662 -4818
3653 4681
-3251 3839
1543 808
776 4560
-918 -85
1166 47
-2018 -3372
-2246 -2265
-3729 2262
1161 -375
-3888 2060
-833 -1776
-648 -791
2740 -371
2027 -4922
-3837 -2968
1111 -2088
-4129 4006
73 1647
3566 4155
2915 -267
-4446 -4103
-2287 -1692
4985 -1016
-4430 1146
-38 -3317
-1794 481
-3741 -1089
4690 3999
3540 1717
429 4704
101 -3459
3968 972
-4453 -959
3972 466
4548 1887
1551 -4897
-864 4264
-1589 -879
4601 -4666
1620 -4085
3369 1178
1396 4628
-4911 -2562
3628 3630
508 -4591
-314 -4391
-3050 -4994
1582 3850
-952 -3094
-4332 -1404
3793 2219
-4949 -2071
-2165 -1537
-1597 3788
-4851 -4977
4703 3518
1201 -2549
3146 -2357
-110 -1874
-3727 -4602
-1464 -2689
-3993 -3162
-2683 -1059
-4312 -2283
847 2708
-2334 -4008
-3721 -2283
-1078 -885
-2468 2325
-2097 -2319
-1300 3959
-3801 4901
-3590 698
3896 1300
3824 -4831
-1950 -2640
3832 -4590
-801 2502
-649 -3761
-4781 1551
300 4237
-1105 1579
-3045 2817
-4306 -4161
-3506 4950
-1479 -3454
3909 -3928
2800 1671
1770 1696
-2028 595
-1782 -2626
-693 -2950
-2216 -142
904 -1512
1098 -2524
-4961 -3602
-3287 -1066
-671 -4980
3104 -3624
-4140 950
-3674 -4267
2497 1587
-3195 -3351
-1742 3576
3345 -2418
-4477 -3437
-43 -170
4966 2741
4689 870
2581 -2861
3346 2620
4889 1412
2907 -782
1432 -2637
594 -1356
-335 -1728
-623 3514
1211 -2465
-4837 822
-3889 -139
3404 -3366
1424 4713
-2184 1390
-1193 -2495
3613 -3612
-356 -1689
361 -467
4723 4620
104 -2492
3335 -4302
1152 -2000
-1029 1882
2867 -4818
4417 3030
1004 1880
4243 -4239
-134 668
1826 2682
3410 -4367
-4812 -1625
3374 -3816
1687 -1265
-2930 -2238
4707 2174
270 3042
2872 2775
-3958 3195
-3991 261
3378 -4574
4644 -4266
-1342 3887
2847 3524
-445 -326
1206 4318
307 1394
-2307 -1319
-1069 732
-1232 1001
3495 -1525
-1825 -4883
-3483 -3953
2892 3912
4243 253
-4475 -1027
-2969 -4831
-3941 689
4057 3907
-787 4964
4933 -4580
4282 240
-1834 3328
274 2097
-940 394
-1902 3907
3870 -2375
4025 1739
-1327 -1731
-2997 4268
3523 -2471
4593 -4446
-2302 2004
-2404 3107
911 1809
3072 -2804
2229 -1294
-1211 1748
3386 4063
-4803 -2553
-4191 -1704
2706 1031
-2727 1731
4123 946
1353 -3874
-3434 -3772
-1345 2511
-3218 -2294
-484 -4270
-4187 1779
2540 237
3976 -3879
3944 -2235
2869 -1318
3180 3067
1129 3989
2715 -4812
-3627 4988
1919 -4504
-2713 4624
-3378 -4795
-4148 -3370
-931 3987
-4312 3585
4717 2853
-3284 2257
-1909 -4308
-269 3387
4809 3952
-2931 2989
-1629 -449
-1669 2438
-261 -3944
-1221 3010
-3448 1066
-1013 -1826
-2377 -161
-3844 1692
-1174 3196
-3371 4896
1050 -1654
-1495 4141
-4610 3236
-1120 -4800
2189 -2699
-459 -4440
1852 -776
2999 2943
280 -3222
-2694 1832
-804 1293
1359 -1829
2484 -1133
1216 2663
-2936 2845
2559 3114
2543 -3936
-1393 2934
653 2487
3134 -2158
1140 4027
4754 4345
-1748 -895
2288 3532
-2765 946
365 -2217
-2761 3076
955 1076
-3057 -2829
-1261 -993
1368 -3702
3473 -1088
3714 -2920
-3154 -633
919 1332
-1439 -2940
-3289 4668
-3595 -37
-1227 45
-1504 1009
-4008 213
3792 4583
4641 -3901
659 -3416
-1730 4398
-3056 991
2048 -4583
4903 -2885
-2502 3101
1482 -231
-4215 1396
1829 -2504
1064 3234
-1188 4837
4632 -1340
-2802 -4376
225 2343
1559 -134
3442 -2781
-2198 3065
2969 -254
-944 -3630
-3484 -4689
-1515 -986
-236 1319
3783 -3099
-2285 -3035
-603 131
1551 -439
-3679 1183
3221 -1481
-1841 -1554
-4138 4719
3312 657
3290 -3885
-1278 1259
-2787 -870
-1019 -1271
-559 -1182
-905 557
1490 4231
2458 557
-3804 -3145
-4311 -901
1417 -2990
-4717 -4010
-3119 -1558
-563 -2256
4513 -2251
-247 2803
-4784 3475
-4585 3782
-2395 -4252
-2489 -1602
-433 1607
3955 -3943
-2810 1413
1614 -1614
-380 2303
2485 2389
665 -880
3380 2547
-1085 -2183
1643 -1572
-3082 -3604
2584 3487
1223 2999
2269 180
3747 1132
3578 4666
4091 -1115
-4277 -3719
-4702 -1310
-333 -3730
2345 3505
3660 -1989
-2375 -1608
1910 -2108
1209 4905
1321 -521
-3699 -1095
4318 -1124
3256 1587
4056 -1645
4072 -1014
-1978 3163
2871 -4903
4445 -479
-4861 -4536
791 2485
321 -4197
1848 -701
-805 -4890
2191 1756
-4985 4864
-3764 2668
-1231 -4446
-3456 3377
-1506 1952
3085 -2434
2290 -3893
-4271 161
2556 1526
1034 2696
1991 3177
-3467 3664
3981 3381
-2037 -1824
3491 -4845
4933 -142
-4981 2521
-2474 -4859
-573 -930
-130 2921
2374 -2045
1839 -336
-4586 -1079
1177 2971
-4553 -2789
-2981 -1210
-4612 -1448
-2545 4369
3285 418
3898 -1872
-3075 183
2986 -3055
-2296 1864
-2914 2131
2286 1956
-3595 -340
4912 3244
676 1678
-2835 -3147
-351 3965
-4584 -1980
4107 -4196
1572 -3438
1526 -3791
-1667 424
-4311 258
-4393 27
2203 4663
-3109 641
1794 4177
3950 -449
-1163 214
-2204 865
-3108 -3687
2718 -2106
-4722 3134
914 4386
291 3839
2300 -3183
-4952 -4367
-1407 -4262
-2756 -4448
765 4447
-4785 -991
-3559 -1639
-1814 1743
2913 -1624
-3043 2061
4241 -4799
3374 1960
-1905 5
-3554 4010
-4257 1737
2849 3043
-94 -751
29 3499
-3661 2273
403 -1543
-1928 -3030
2466 -4135
-3316 -4348
2608 4597
-4620 917
-1990 4622
1119 2736
-2066 566
-2259 -620
-424 4836
2470 3777
-768 -2624
-1973 4261
-4124 -634
-2114 -2369
-825 -2690
-398 -3359
4528 1286
-2706 2136
-2765 4026
4406 245
3648 525
-2019 -3418
-3909 723
-2685 -2980
-3089 4785
2149 1143
-2839 -4824
-3244 4389
-4105 -358
-2979 70
-1695 1623
-1936 -2167
4261 358
1321 -3504
-616 727
1741 4385
2604 4722
2319 48
-3203 986
2068 -4939
771 -783
1204 -715
-4254 2961
-4974 2993
3955 -2953
4415 3612
22 -2521
-3555 -717
-811 -881
779 -74
4846 3872
-689 -1197
-53 2982
3851 -1904
-1031 -2729
-1843 1092
-2160 4362
-4623 -1414
-1325 1756
2931 -2370
3803 2347
-3757 -4822
4826 4040
-4187 -984
-1841 -2055
3942 4358
-3183 4605
-1839 -1884
2587 3364
1213 2908
-4365 722
-999 -1525
-3564 -4270
-1586 111
2486 -3655
-906 -2358
3692 -3311
-2180 3519
-4271 4985
3887 -4759
-2070 -819
951 -3900
-1214 4112
-784 2725
-1172 1781
634 -537
-2496 987
2938 -1060
1717 -3648
4052 -4444
4050 4498
-1802 2742
-3813 -2630
-2387 -3084
-2645 -3500
3509 -3362
-2967 -540
-2262 819
4924 1954
4897 -1248
-4912 -3117
3215 -2408
2870 -2494
1532 -4061
-4790 -3064
-3505 4260
-3566 -3955
-1645 -2379
-1585 968
-4110 -2877
2469 751
-1239 854
-4788 -2149
-3326 -4864
4805 2923
-4759 4893
4806 -192
3837 -972
2314 -3278
-33 -1123
-4990 -2185
4489 2797
-1140 -2156
1770 -1372
3813 2660
-2897 -2366
-1588 864
3488 4976
3715 1514
1464 -128
-563 1705
-3882 -4405
-3486 1307
-377 180
3029 943
4057 3040
3758 3547
-2811 3970
-3609 3959
-2402 1556
-2028 -299
4190 -2264
1917 2679
-2288 -3016
-807 4176
-1791 -17
-2766 -4321
578 -1252
1986 1554
3928 16
3849 -662
4408 -1041
4237 2949
-2071 1980
1908 -3120
-1463 4880
-2067 4079
-2384 1203
-1890 328
3187 2304
-4143 2748
3639 -1909
3427 -4431
-1809 414
-1525 3471
1782 -2676
-2191 -2458
1283 3398
-4509 4213
-3269 2399
2445 268
-1368 -4622
-4301 1248
-2067 -1190
2929 -3879
2466 3786
3869 1105
3229 2297
-1974 -3580
4063 1502
4891 845
3826 4053
-261 110
2451 230
-4325 4182
3981 3120
-4198 -2387
-150 -3498
3862 2784
312 -1857
257 -2222
-3071 -4522
235 1510
-873 3261
2930 -1810
-237 2821
387 -1410
-1774 -4874
52 -4322
356 -2921
1212 -4310
1551 2015
-1697 -3599
-131 3517
537 -4819
-3340 2146
4311 4941
2625 -454
1451 3104
4159 -619
2647 -1077
3555 -1966
-1135 -3219
4513 269
3811 -131
2348 24
-3089 -1101
3391 215
-3348 -1740
-1268 -1458
4793 393
-4312 456
334 -335
1354 -3214
-2230 513
-2481 -4583
788 2426
4803 1005
560 4316
-3726 -629
-4462 3622
747 -2551
3873 -4510
2664 -4474
-4898 2749
-932 4895
-1858 -3892
-3297 -172
-2874 -591
-2034 -104
1275 486
-3335 -2937
4264 2820
3069 -176
2137 695
548 2675
-682 2647
1476 -1809
3138 -4507
-4931 3240
3242 -4511
-512 -3616
-3402 1191
-2436 -1276
-4399 531
-28 1876
2369 -2011
291 1633
-4191 4712
2810 2946
408 -1642
-3027 1078
-3995 -198
621 495
295 691
-1264 -1463
-2468 3224
-3727 -4518
-4233 -1163
-794 2720
4368 530
-4052 -1911
3519 1240
4723 681
-2696 2533
4979 -936
2243 3305
-4858 -400
-1893 764
-4904 -246
2807 -4816
3291 1691
3408 916
2174 527
1105 -3620
-1752 -3174
-1737 -804
-85 3134
1788 -4010
-1185 4093
-125 -1205
-1843 -2882
-2900 4652
-1929 -3441
-3232 4519
1313 927
4703 -4044
-2382 -537
-1776 4792
4990 4329
2525 4590
2507 -4212
-1213 -2577
274 -4425
-1587 4090
1020 -359
4237 530
1759 2689
182 1182
4248 -1698
701 -3087
4229 -3244
-2131 -3153
-2429 1093
-3360 3914
-3226 4165
3504 4282
1305 -2709
3057 -3421
4219 2822
2021 -3409
-2537 1258
2121 575
-1053 3655
-3243 4547
-3043 -1189
-3540 -3814
-3081 -4319
-1966 -509
-1874 -3974
-1595 -99
1543 -3091
-4465 -2152
-4447 -56
-573 1124
4118 -3551
2715 -3418
-941 -3811
-1491 -641
4844 -3382
-4742 -3198
429 -3281
4340 -1299
3752 -2626
3192 -3121
4752 2949
-1868 1295
1210 -4981
4143 -1885
-37 4923
4239 -4567
2724 -1693
-2985 3135
-504 -3124
-2506 -660
-1505 -2247
-2506 276
-4176 -3165
3977 928
-4439 -1479
-841 -4686
-3530 2291
1609 -967
-1338 -2895
2148 -23
3380 1388
411 -2544
4695 -1222
-4409 -4457
655 -1914
-117 4150
-2809 -1270
-4222 4367
565 4756
295 1126
-1723 4455
-2208 -3900
-1902 4402
133 -1887
2859 -2719
3090 1239
21 -1499
3695 -3932
-1368 638
-3389 4287
3724 -2153
-211 2267
1577 567
-2014 3494
-3325 -366
-4028 -47
-4559 -1235
-2595 4891
4519 2538
-1996 2378
1171 -3905
4969 -3807
-4052 16
-2739 -420
-4346 -4775
-1133 731
-1928 8
4350 1001
-4424 -2663
-505 3603
1971 467
-1444 -1236
584 -2687
-1345 103
4851 1660
3833 -2625
-893 154
-1432 55
-4830 -2819
4636 2177
-2594 4855
4260 -3170
-3784 3610
2831 -3208
2299 3678
-4605 -4378
-854 -4696
-614 4730
-2383 3042
-3814 3821
-298 1371
-3804 161
-3474 -3884
-4784 3048
4649 1204
-3423 3408
-2588 -4163
-4762 -1372
4448 3070
-3228 1747
1748 3519
2370 2246
3823 3108
-1671 2793
1150 -485
-2034 2204
2238 -4486
-2635 3764
2982 3934
-1835 2631
138 -258
1039 2550
580 1278
-3822 28
-4300 -2050
3127 -1200
2822 -3151
2399 -2003
4958 -4272
-4210 -2540
-3405 -4892
4665 3833
1974 3382
-1050 -44
2316 2115
-2412 -2545
-3143 3627
1357 2437
-3743 -1112
3817 3309
-1810 -1703
3462 -3988
146 861
-990 104
-2059 -3848
2565 -4112
-3739 -1418
1073 3235
-3036 1375
4544 633
-1510 -2868
-560 -3300
2111 -4203
489 -279
-3963 -4341
-1970 -772
-1044 2844
240 4102
-1295 4250
-4441 -2002
1755 -524
-1114 3016
3058 1312
-2397 1374
-2313 -2853
-2993 1178
-4369 1447
-770 -905
-1403 4719
3816 -366
-4622 3198
3862 -4314
1043 -4545
4789 4748
1057 1700
4099 -2188
-3824 4337
2180 586
649 4784
-3040 3337
3283 -4680
-4133 267
1767 97
4362 1716
-3832 3178
-3649 2899
1376 1565
-63 -2581
2020 -274
3520 4430
2778 -1029
-2758 3954
-1692 4423
-4108 3958
559 -2147
2295 -1158
-1827 -486
4109 1292
963 -177
-1991 -1517
-1999 -4288
-3618 730
2277 1320
-499 -4350
2398 4373
-4920 -3471
-1656 -2678
1835 1653
3097 2728
-3037 -1344
1933 4258
2499 -4894
-4876 -2040
-2250 1087
-864 759
4570 -1511
-2177 2305
4219 1453
4977 -4927
2103 -1273
798 -1465
256 4143
-2791 3444
-2852 -4693
1172 -889
-1037 -1895
4721 2814
4563 4845
2127 -2687
-2716 -3737
-575 3206
-248 2248
-3137 -4676
-1299 3192
-4603 2156
-3080 -2453
-4309 -1472
-3310 4253
3324 -4810
912 -504
-699 4875
-1047 -4626
-958 4868
-4781 -3831
-2818 3855
3784 -2041
-1586 -1464
-4793 277
-4788 -4739
-1530 1961
2417 -3258
4509 -539
-3378 2551
-4934 4947
2742 978
-4205 3395
-2795 -3899
3770 1247
-4031 3989
-1232 4503
-803 3904
-2538 2611
3793 4022
-2112 4005
4283 -2290
967 -1948
-4196 -3172
2513 3779
4379 -1069
78 2121
4909 873
517 -2885
-1674 -713
-286 -704
4628 3483
-1201 -4823
2387 1262
2788 1180
284 2029
-3462 -4081
1091 2505
-1029 1896
685 2837
-2973 64
-3232 2105
3538 -3322
4330 -945
-1207 -2343
-306 3507
1953 -4326
-1658 -4248
-4148 2082
-1634 -8
4614 2
3373 -3848
921 -535
9 4893
2713 -4306
2730 4740
759 4498
1845 -703
2528 1175
-296 -3679
3832 750
1181 -2863
-2224 875
4242 4980
4309 -2392
-27 3924
-1037 -1654
1428 4884
-837 -3562
1129 -3124
-2868 -1141
2968 -757
4710 -3835
-108 2238
2341 948
-88 -2475
3050 -3907
-3985 -4173
-1680 -4743
2159 -2370
4217 -2868
2906 -1820
-3169 -666
4417 -2654
772 546
-777 -743
4406 3543
-148 4116
4709 1097
-2294 -1598
-2955 2618
-2721 1448
63 -1706
-1373 3384
4903 -4214
2366 4121
4271 272
3653 2454
4606 3070
4800 -3269
-1383 -4625
988 4375
3919 2192
-157 -20
-1711 2549
3382 -3313
168 -4339
3135 1583
-4692 -3238
-33 -4789
3900 3685
4332 3171
-1043 2986
-3023 4916
-2592 -3222
2999 1025
-2847 -4661
-3248 2424
2531 1595
-2596 2173
-4503 2138
3860 -2983
2800 -1653
3600 3108
-3539 4920
3319 -4639
3605 -996
-115 3915
3342 1862
183 -4250
-8 -1818
-1872 2146
-1479 -120
-4078 2404
2828 4679
-423 -323
1817 -1563
1694 -4031
1784 -3354
429 3245
-3434 -4899
-41 1524
-895 4844
-3209 -2553
-1942 1974
4549 3051
1508 4029
-3451 1381
-4738 -2529
-1215 3090
3502 -285
4119 320
3152 813
-2359 -3711
-1189 3071
886 -3270
3172 2197
3254 3629
-1607 -4955
2428 1452
-1629 1977
-4145 4879
1007 -2596
-2388 1269
-3773 1397
-4289 4730
2464 4830
-3598 -3031
-3005 -957
4610 -2842
-2886 496
-1112 1638
4046 -2858
267 -2561
3539 -2305
243 3262
1025 1098
-507 -2968
3502 2105
-347 4730
4855 -3284
812 2319
2898 -1434
4288 1245
2609 3898
3403 1076
-4253 -2708
4066 4793
-4214 -666
3584 678
-1619 -1172
-1060 4406
4926 3434
2790 3429
539 -2557
-489 394
-4489 1675
4066 3409
-4759 3354
-3994 -798
2253 4410
-4722 -648
3054 4345
-855 192
-4969 -2271
-4130 -1588
1557 -189
-2181 -2164
4597 -4391
2617 136
4405 -2872
1883 4916
155 949
-322 396
-4345 684
4598 2908
-3554 1229
3612 852
-3074 -2243
-3955 -3043
-3161 -3085
369 -252
-1922 3188
2584 -2325
150 201
-836 -4093
-1319 2399
-4177 188
-1652 -3147
-4416 -997
-1110 1535
3264 336
-2236 1876
-3811 -310
986 3586
1647 -823
-4499 3368
3925 4932
-2091 -2138
3959 3059
-585 4475
3966 -551
1874 1141
4637 1574
-653 1574
-4422 3237
-1891 194
-1427 -2775
3422 -3886
1915 -592
4700 4914
-63 1554
-366 -1137
-2162 2543
-1923 3149
-3046 2492
2625 2272
3293 -501
4766 2931
-3926 -887
-495 3004
-2650 -1034
4550 -2725
1191 2972
4742 4458
3733 794
4372 -4978
-2652 -4642
-4763 -3462
2902 -1686
4688 1208
2159 2313
-1519 452
3164 -1753
4735 590
-1288 -4408
4946 1062
-442 4496
-311 -4251
-1179 -569
-4793 3906
-4774 931
3928 3926
1290 4166
-4535 -4456
3832 1505
1752 991
-1182 1585
2796 3334
1184 2531
-1075 4896
3124 -1129
-2690 4034
4720 2000
4784 4893
2783 1343
151 -639
3627 -921
4640 -83
4597 1457
-3187 -218
-2038 3565
-4227 -1868
151 -79
-3534 2687
3805 -3257
2584 1929
615 4894
-2685 -3313
-1754 -2901
-3420 -3970
-205 1731
-3257 -1578
2162 -3617
-309 -1888
2840 1504
2894 -4198
-3579 19
-1066 -2076
4941 401
-4388 3746
2144 3196
-2973 4111
3090 -658
2150 2689
-2206 82
3719 2589
-3187 -4538
2363 328
-3154 -2946
3440 4686
-90 -2314
1841 1331
2705 -4225
4256 2646
-2472 1220
-2256 1025
-584 -229
-3512 3858
466 3639
1547 3260
-1279 -3382
-2799 -3113
3433 916
-1433 1631
2970 -2993
1317 -2120
-3955 4510
563 3750
-4714 -3829
-2251 4166
2391 -3155
-3457 3159
-2031 -1968
-1630 3435
3023 4917
-1953 3096
2888 -3400
4983 1321
2516 -1450
-2048 486
-3091 621
-282 -2046
132 1633
3057 -3230
2805 -4194
2288 -3452
-2349 3832
4708 620
-3136 -1922
-4593 1239
4347 -1546
-665 2235
54 -4329
4908 -2430
-779 4212
-592 -2517
-3814 478
437 -2330
-2888 4846
-560 1269
-4348 -3272
2817 4656
1912 2525
-3372 128
1955 3388
-3633 1303
-3158 -2945
4890 -1751
-2274 1151
-2829 1947
363 -2068
782 1549
3410 -3780
4219 1874
-3934 -4989
4495 3071
3092 2313
-921 -3644
-3810 -2941
1485 3146
-4553 -796
-551 3642
1259 -4309
3243 3985
1842 -4586
-2715 3558
4698 3067
107 -539
4287 -4321
-3665 1706
2042 -4169
-3871 134
-504 -3440
1491 686
-1381 4328
-1168 -4581
-1468 -367
4061 4792
-3323 2304
3777 3519
-930 -3938
2077 -1231
4130 3537
3230 -231
568 917
2827 -2390
-1900 3956
-903 2596
1868 1940
4635 -4512
1268 4819
-4093 4800
-4195 1320
944 -2518
-1376 -278
2353 -954
-2864 -569
2815 2618
4320 -2603
-2612 -112
-333 -4785
2498 2767
524 2947
-3284 -2608
-113 2703
4232 2507
2522 1491
2308 3327
-2189 4604
2161 1435
-674 -485
1834 -2185
298 -351
-4567 -382
-1601 -2179
858 3066
4389 4708
-2815 -3735
2656 -4747
-4991 3895
2956 4242
1403 479
733 -4937
-4842 -103
4667 2320
2684 -4654
3187 -482
-1839 -1515
520 4946
-545 3919
4120 -4687
-1663 -139
1373 522
1126 -971
776 -2513
-2075 -4916
3081 680
563 -4833
743 -2926
64 410
746 -2252
-2892 -1067
2267 -3379
-1230 -2213
-3432 3225
3058 -4312
-110 -3605
549 -3737
-1731 3027
-3355 397
-4486 -4078
482 3596
1602 2397
115 -2655
4471 -4821
-893 -3431
-2073 -2432
502 1546
-811 624
685 757
-4799 -1257
1445 -3557
-3510 3346
-2293 -240
1373 -4296
1509 -1760
-3374 3343
-3164 -420
741 1951
-1723 -3436
-1518 2384
4486 1409
4952 -12
4308 -858
1965 -7
1251 2166
3737 4049
3610 1579
2395 2669
2691 -4879
-275 -799
-1639 1351
-2456 -3451
-4069 -363
-148 -792
-2446 3334
2944 -2960
-3905 -751
-1620 -4597
-257 -4655
397 -4006
-1136 -4514
1395 -2526
2065 -1209
1495 -243
-1088 -3780
310 2273
-1077 -794
3822 -3794
3844 -1326
-3234 -3602
3360 4710
4790 4455
-4689 -1830
1211 54
-1484 2960
-2599 -1268
3446 3796
1206 -3137
3939 4053
-2028 -2149
-4727 3282
1476 -4452
-2511 -3350
-3246 -3667
-3324 -1480
4083 -4964
4582 3873
844 1246
3395 -2945
2652 3263
-4985 -4947
-3005 -187
202 3201
1676 -4507
-1394 4649
4697 -4769
2931 1173
-4221 1772
-824 -2467
-543 852
-2595 4892
-2759 3340
3765 3085
-414 -1487
-4860 -2762
-3224 1507
3644 -1228
-3680 -4802
3325 2996
-4309 -3068
-1003 -4612
-2837 -3071
-2086 -2057
53 2090
-3172 4511
4294 -4414
4403 -3465
3926 -479
4620 -1488
3034 1112
750 4810
-2381 -606
-1418 -4709
-4056 -3092
3288 -3364
-4808 -2715
3376 -2645
-4434 -3710
-3350 -3028
-268 -1521
-3517 -973
-935 -4114
-3086 4343
-3241 2887
-2145 4793
-4649 3605
956 4323
4352 890
4614 -4704
2798 -746
3284 -658
1540 1661
1698 -1542
2951 -300
430 4036
-469 -1735
4415 3596
-4496 -3671
2939 -2737
4216 2146
3409 4568
-2896 -635
3891 -3544
-4745 -143
3104 -594
4112 1389
3748 652
4402 -3202
462 -1295
1499 2245
-2259 -3970
-4490 -2844
979 -3986
4838 -4730
4630 406
2417 3039
-26 873
3756 -4783
2329 4011
75 -3215
4769 -813
-474 -130
1191 -1072
1668 3005
-1014 4519
-3398 1727
-4450 -2887
236 -2119
4479 74
-1849 461
-4520 1920
-1500 -3193
-2207 -2744
3376 1474
2620 4803
-388 2389
-4658 4138
-2741 -2115
4419 280
-4109 -1595
-201 -2507
1484 349
-4042 -3280
3230 1790
-1854 2734
-2749 4979
-3994 -2896
3138 -1200
-640 1514
1626 3332
1318 -3762
-2926 -1988
-4623 -667
898 1148
965 -1859
4553 -4235
-3014 1037
-2534 -2055
-890 2049
1087 -1392
-217 -310
-1413 789
1794 -3275
941 2507
-408 -2432
839 2262
-1194 2913
-4726 -4465
3599 1172
1683 -436
4313 1236
329 2652
3626 2796
-4403 -2264
-155 -1964
-2304 980
2726 1284
3121 -479
-639 -937
-2972 3953
1631 -781
1215 1789
3485 -2158
2325 2084
4014 -992
3000 -320
-4755 -1670
-2668 223
2478 4281
-689 3675
3669 2007
-3993 1395
-1709 4128
-4084 -995
-1809 4296
-2042 1174
4868 526
-2036 3353
3368 -4711
437 -1266
-703 -1563
-234 -4106
-1881 -1550
1117 1949
-2269 1780
-3024 -3600
-1212 -2017
-852 -1569
-2888 -3584
2436 -3345
2065 1747
2830 1933
-2727 2146
286 -4359
2435 2075
-4273 3084
1864 494
331 1336
3944 2800
-1715 3028
-419 -3386
780 3369
-403 4928
3152 -1939
2697 589
-283 -238
-2664 3899
-3305 -391
1045 -1667
-3398 4832
-4592 3681
-732 -1376
-825 4599
4960 4472
-1248 4598
-1148 3333
-3788 4632
-1946 -2839
913 2558
223 -1390
-1853 1292
-276 -3165
191 1419
-2204 2588
1104 -4250
2420 1512
4432 3040
1488 -1393
-1008 1449
4431 2744
-2601 -1717
-2571 4963
4268 -3165
-2876 -3467
4393 -1301
-3505 3893
4991 1219
-4272 182
3990 -1475
-2230 94
-725 1542
2958 -4941
-417 -554
-4981 -73
2247 4450
-2329 4646
4086 -3548
961 -294
-1713 3086
1239 4032
3137 2734
2925 3129
-4695 6
4663 4295
-117 -2566
-4259 510
328 3699
570 1263
4497 589
-3810 1745
39 -4787
-2257 -4523
-3335 3705
183 -3696
-1857 -3578
1689 -3720
508 -4034
761 -2835
972 425
2812 2207
-789 3553
-2282 4539
-1396 3288
-2845 -1898
-1123 -1655
1199 268
-1441 3942
-2902 -3424
-1001 2281
-2119 -1506
56 4570
-3873 1916
-4464 1888
4082 -2139
3665 1894
-4932 -2124
-3200 -2214
3768 404
2426 -4077
-142 2655
-4380 -3943
4276 -4469
1352 -3626
-2892 1703
3655 -11
-4802 -4937
-4089 2677
1980 2799
-435 1062
2012 4583
4308 2081
-2541 2460
1219 2579
4217 -1354
-146 -925
-3699 475
-3515 1929
-2642 -811
3303 -534
-4108 -1689
807 2442
-1626 -1930
119 -4646
-4130 1037
-2232 2882
620 -2923
-3685 -569
4537 2535
3363 3754
2533 -1783
4182 186
44 2019
-2884 -1245
-3792 -4581
3221 3452
-1270 -971
895 2105
-1549 2366
-1189 -679
-1597 1580
3556 375
9 4871
1159 -4102
-1242 -478
1005 -3709
-909 187
1478 488
3558 3594
4243 4766
365 -1184
3218 4096
2845 -4535
1201 2649
-816 -4988
-3030 -1061
-2056 1878
4315 2953
-1898 -3174
3852 1860
1348 -143
3152 1791
1396 -4018
3631 -46
928 2874
-3928 -3707
3043 642
-4611 -2760
1108 -2058
4889 -4708
4307 -3140
-769 -2749
90 4898
1557 3192
-3276 409
53 -576
1618 4557
2568 4366
-4461 1199
-4328 1467
-4574 -3256
-888 3469
2386 -498
-4291 -1506
-1204 -4401
-4862 -1897
3811 -4278
-3293 -1099
1972 -384
-2906 3697
1377 -1501
4473 -2005
-1944 2041
3713 4947
4593 4385
-2234 -4981
-3871 1878
-160 3515
-3620 549
3362 -3471
-2500 -148
-4016 -3689
-3074 -2309
-3435 3899
2307 -4989
-1052 -1316
-1490 -1579
-1969 1566
1815 -3256
1513 1408
2481 4279
-2221 3610
-2491 2619
-1522 -1110
4520 3192
-3229 -2979
-1956 -2245
4684 -29
447 -3751
-1130 4106
-3740 -830
4143 -230
2591 3526
2688 -4242
1623 -4447
2166 -896
1184 4945
4067 3694
-1084 -2455
3936 -1563
-4263 -4293
458 -4867
-1538 -3506
104 261
-2256 326
-4280 -4644
4496 4863
127 -1560
-259 4167
-802 -3636
4721 2717
-3179 905
-986 -4112
-4049 -717
-1567 4887
2720 -4478
1946 4530
-4345 -4591
-3976 -2888
-2978 -4880
-1210 -2258
-4523 4639
-2395 -3044
4431 2347
-3877 4981
63 2196
2698 1884
4454 3065
2772 -4595
-2652 2557
1645 -4932
-569 -1409
950 -3561
-1000 -1674
-1449 1023
-1553 -1307
117 -1076
-1668 2723
-2768 4115
-3578 -1645
4097 -2163
1904 1795
4722 1358
-3788 -1154
1763 -1440
2756 -1592
4980 -2813
-1648 930
-1374 -1296
4257 -1471
4727 4056
2223 -155
-2020 1907
3920 -3436
1023 1694
-81 -3528
883 -3177
-381 605
-467 832
804 2649
4392 -1440
2409 725
-2901 -4239
3007 -2922
-534 -1384
607 -4455
-2328 4182
-3258 -2996
-2558 2014
-1432 3465
-1292 -160
4937 944
-1985 -4092
-3451 2549
1740 -1295
198 -2515
-1383 -2393
3210 717
-1631 -2431
2795 -813
1186 4754
-268 3858
3937 1475
2215 -3621
4841 -4217
1196 4902
623 -2515
846 3639
-1607 -1253
-2460 -4866
2453 2738
3971 -3930
1697 2181
-1861 1418
4750 2286
-4395 -2712
2041 -3310
-3853 -2670
-483 3362
-4939 -642
497 1257
-740 -3879
94 -4894
1112 3487
-1146 4
-27 2659
4094 -4704
81 791
-1171 3221
3562 4932
-3141 519
-2780 3900
-1439 4719
2582 3078
3081 2643
3789 4931
-1100 4401
2404 346
4508 -1484
-4814 4714
-128 159
2373 -1034
-3192 3806
1109 637
2027 -329
569 239
-4809 2790
-4509 -1248
2509 3074
3183 -3057
717 1972
-3126 970
1373 4278
-3684 -2767
4146 -3498
3299 -982
-1986 -2976
2984 -178
-4169 -907
-4541 -790
117 1029
4449 308
-4829 4941
412 2680
3015 4947
975 -4916
1919 2849
1054 4645
2127 2371
3230 -2375
3873 1530
1643 3239
3554 -4021
-1939 737
-3575 4873
4948 1542
902 749
3202 -2575
690 -1386
-4895 -4943
4914 1081
1494 1833
-4718 -2452
-2170 -1238
1271 2413
1387 -3503
-4705 4383
4736 3849
-4638 -2202
-4061 -3213
-2329 -4113
3329 -75
-2012 -2117
2350 31
1498 -1193
88 1412
1240 -3418
4597 1523
-4517 3780
-4715 1754
-2455 -1976
3251 -2160
-2593 2988
3041 4122
2138 3980
-4091 1161
1219 591
2438 4208
3474 -3860
-761 -3676
-53 679
-912 2540
-1386 -4962
-937 -903
170 -4300
-4149 2715
-4924 455
-4445 -2516
4795 3596
2958 1933
-1071 219
4446 -4852
-4190 1884
708 637
-624 4947
-1687 4323
-3021 -1246
1863 593
-4856 2278
1042 314
-670 1893
4381 -593
3700 1288
1891 3495
-3764 -151
-3220 165
-4932 2578
-3334 2231
-4186 2374
4220 190
2322 3885
-486 653
-2361 2729
-3754 4135
-3640 2288
-4199 690
-4467 -4818
-4903 4234
-2178 -1660
-919 -941
-459 -2786
4224 -4038
4792 -4110
-455 -4393
-383 -4883
797 -3061
4002 1663
-1056 2994
-4255 190
2129 -2895
3830 2931
2795 4363
-535 -755
-51 -1360
2585 383
2699 3479
2597 -1725
4441 -1259
-4482 -4662
-652 135
-4545 1498
-1574 4457
4513 2370
-1197 -4742
3912 -4067
-2637 2742
216 1511
-1543 1033
-4244 3407
4673 -307
-4858 -1276
-1828 -909
-1648 3965
2832 -1130
4303 3533
357 4758
-3617 3783
568 -4104
-2495 4371
-3845 -3583
-4696 4870
511 -3128
-2267 3968
-742 -1511
-1273 -4717
-465 -1131
-992 2707
2960 2360
-1975 -2855
2582 -2672
-4322 -2061
3439 3413
3074 -993
4309 1931
-1622 1816
3348 -4965
-1961 -4789
-3093 772
4179 1165
614 -2093
1449 -4851
-1872 1809
-792 2441
-4479 -1415
4586 3103
914 1616
2394 -647
29 -3180
3360 -4310
3751 3090
-1141 -1549
3125 1898
-1338 -4967
-2330 4193
-2450 -364
-2900 351
-3863 -3419
-2840 -3302
4022 -2319
283 -40
2136 2549
-3424 -4118
-3098 -2043
-2298 1614
-1353 -3547
-295 -1142
-3744 -2170
-4244 -82
4215 4779
-888 3118
-585 -2436
-1531 -3095
-855 -3018
-1397 -1833
-3985 238
3127 3152
-2212 1055
4034 -3958
364 -3263
2657 364
4542 3714
4222 -4201
2896 4979
-2931 2112
1110 1181
-3418 -4475
98 51
3782 4243
2033 3737
3763 3049
-1024 -1758
-2447 1764
4298 2939
2806 -3986
1028 -3185
1378 571
1881 601
-2278 -222
-3068 -209
3242 3042
2325 4824
-81 -2577
-3773 -1298
-3334 3261
-2561 1781
-2338 -2233
-4976 -3433
4531 674
4506 -1310
1688 535
-3143 -1933
-3894 91
20 -4820
4869 1952
-29 -537
-6 3648
-4361 4913
-3929 -3134
4967 4090
1479 3759
871 493
-3474 -2753
2060 2410
2921 1567
2452 -4038
-2898 4309
-4619 4560
-600 401
4740 -4379
-2647 -3937
-3564 -1301
4712 -2925
4964 -4217
-4706 4932
1225 1773
3691 -2903
-2733 -4783
-656 4327
-1021 3618
-2754 -3569
4580 -652
-4259 4961
-4740 -3507
-3286 1352
-2885 -4581
2416 -1449
-882 -1520
-3021 -4566
-4385 -2727
-4634 1841
398 409
290 -983
-3021 986
-1655 958
-396 -3057
2390 -4464
1292 -517
1849 -2096
976 3563
4257 -557
334 -1975
-653 804
1505 1326
1239 2120
-49 -2043
-1039 -4651
3367 4251
-633 1698
-3410 -936
-2344 1194
1007 1398
-1917 3651
-4119 4932
2908 -1790
-152 2165
2653 -4818
-4810 -3000
987 1695
-322 -2774
-4833 981
-3465 -4519
1331 1254
1084 2050
-2048 2674
-3886 -3039
-1131 -1527
3359 -1696
3477 593
-1764 1385
3803 3084
-1450 -2192
-381 -4908
-3839 -4394
-1861 839
4184 -1694
-3179 -4281
-1213 -496
-1674 4872
-3446 1278
-1102 4020
-409 2767
3845 4303
2423 2322
-104 -4340
-1293 -1301
96 -1391
-2141 4715
-1299 -980
1673 1840
4860 -2791
1499 3033
4281 -4714
3889 -2393
1510 1795
3885 -4591
815 4829
-472 -340
4132 -3048
3335 -972
3964 -2958
-921 -4588
-2996 1938
1480 705
-4041 -1847
3898 2171
363 397
-3444 -356
-2965 -4555
2251 -102
2240 -2512
-3341 -1945
3669 1187
-933 2801
-509 -2598
-3171 4807
-4203 -2740
-4780 -2199
4199 1700
-142 1510
1205 -1244
-1319 -3432
505 237
-2436 2541
682 1167
3791 4274
8 -4550
-2671 -1323
-2011 -2252
-3521 -1167
-3497 4660
-1360 -2700
-3079 -4788
-3547 2472
1912 1311
-1018 -1882
-4932 2663
-3962 -3075
4252 4955
4466 -3714
-2526 -391
-4440 2482
59 4241
2512 3049
-3011 343
-3118 4844
3 -3126
-2856 -1724
-2913 4949
-4252 351
1261 -270
-179 -2319
3745 860
-394 2997
-2833 -4575
4283 -359
34 1195
3476 1446
436 988
-505 2426
-3669 -2271
-1378 -2314
-4045 -2881
963 -1958
-2932 1711
3394 -319
2794 4567
2362 1539
-3221 -3031
-4111 -1054
3746 1524
-60 -1220
-2280 -1584
-4774 3156
756 -3927
-3066 2087
-4846 557
1125 -3890
2676 -2912
-4496 1096
3800 250
-4222 1594
-182 3140
4485 1597
1461 -4626
-4456 207
-1749 -3164
340 971
252 -3082
-4521 -3992
-2008 -2586
-553 4498
-677 -4428
-4392 -3001
-2339 2465
-553 2813
-2285 225
-4241 -1115
-1634 1596
-4517 1179
-1677 2379
2739 1574
4215 -1921
-2455 -4181
-3651 -1976
-3173 -659
-3210 -2374
-4808 1113
-1802 2152
-536 -2789
-383 3912
-4976 -1315
-863 2135
2570 -1145
-1268 -595
1387 2055
3136 -874
-1371 2351
-1443 -2474
-478 -94
-3098 -2299
600 -1307
327 792
1158 -122
-2056 1975
2089 2562
887 -1534
2599 1376
-4399 169
1584 -667
927 -2029
2740 -937
-1551 2721
2767 2006
-4753 -2711
-3088 3502
-9 -1136
-2805 1670
4656 -295
-3452 -2399
-3320 3638
1515 -1081
-2896 -886
-4704 -2295
635 -1768
-1609 2914
-2445 2483
-3022 1004
205 4745
4362 452
3386 2626
-4694 4729
-3509 3853
1400 -3853
-1441 2948
-4900 239
1586 -2033
511 42
-1567 807
-900 4069
391 2491
1983 2946
-3674 313
-1050 1531
-3590 -1688
3336 4797
-4062 3642
4526 -2571
2496 926
4929 -3945
-4773 -4971
-2354 1813
-2003 -491
-3144 1430
1668 956
-3149 -2941
4799 187
-4995 -3875
-4500 -4693
-991 -3089
4971 -2655
3060 2262
-4013 -1062
1043 -165
1217 972
-2758 1444
-2646 -3759
-1743 -3297
750 -3535
-515 -2581
-1227 1337
-522 -1428
2876 -4164
-3950 -272
-3857 59
-2009 2467
-1244 -3949
-271 -3905
-10 -4228
931 2559
1745 3173
-997 4099
4414 -1388
2154 -3483
78 -3361
-1064 3851
-672 -234
3776 -2796
602 1178
-1715 -1902
2589 1276
-4435 -3655
2328 294
-2560 3670
1066 -277
-2419 4163
-2103 1584
-386 3663
-4804 -3232
-4820 -3374
4760 -4532
1830 -912
235 -3042
-2355 2189
3136 930
-4713 -2923
-2794 -4148
-1578 886
-2502 -2786
-4092 -83
-1710 -1511
-920 -2461
1425 3695
-3798 1622
1815 2735
-400 1575
-445 -3570
-4336 4790
-1612 4661
-1668 2876
591 -1381
4953 -851
-4176 4727
1388 4674
3294 -1352
-409 -3416
-1510 3672
-877 4915
2367 -3323
-2111 -818
4412 2490
-4242 -4680
3920 2774
1462 3661
2435 4794
1537 4378
4766 -2157
-1473 -4410
-2430 1267
1616 -4136
4916 -3792
3800 -1594
4880 -2077
-1679 -1401
-399 1211
-867 -4635
-1299 -3757
-4315 3973
4017 2148
2634 -2196
-1706 -4476
-2818 -1940
-1633 -2938
-4998 -2711
3329 1619
4506 3245
2827 3306
-3349 -941
-3770 -3675
2658 831
-1112 3143
-2452 -1059
4387 -1766
-2086 -244
1734 1901
2561 1380
-1223 1095
4441 -1504
3157 795
785 1487
3766 291
-3916 1593
4950 4088
2004 -3820
-4587 -3986
-1637 -699
4158 911
3242 3545
497 2508
4653 3583
-4239 2214
-36 -462
4662 -4243
-614 2819
-2096 -4828
-4342 -3329
-3185 -3257
-384 -3235
2183 -3379
-2055 2596
-2365 -2340
3249 -3207
3572 -2157
1690 -4579
1703 1344
4005 2465
4910 -4679
3355 4572
-3922 -2258
2392 -1018
4266 -598
653 -3919
-2503 -4730
-2153 4680
3243 -2856
-1372 -4122
-195 -3123
4024 4729
-280 714
-4850 -3576
-2942 507
241 -3031
828 4948
-3459 -1742
-2310 285
2241 -3044
1040 4246
4390 3537
868 3589
3218 -889
2085 3198
-3658 -3110
-4924 -4634
2971 -3852
1080 -526
3924 -509
4981 -4483
1460 -2838
-4534 -647
420 4508
4639 4013
-3535 -2969
3260 2207
-4432 -4520
796 138
-4056 -2119
-1663 -2714
-3876 4765
4004 447
-4087 84
4921 1190
4575 1255
1707 -2613
3417 2173
1741 -4811
1682 -2268
4203 -501
-3885 -1185
3058 -3317
-4353 -1146
-1826 -3409
-1913 1511
-4771 -4437
1276 4233
1011 -1459
-682 -2716
1083 -4755
3539 -2209
3985 -1692
1316 -2922
4850 4350
-3838 405
-4799 -2723
4220 3259
-1040 4867
3465 -1514
-3541 2905
4997 -3312
3468 -2375
2274 -521
-2481 2944
-1884 3602
3189 3007
2745 -1474
2668 -938
604 2518
-1588 -1882
-2077 4966
395 3495
3225 708
3362 1691
4194 1173
-404 544
-786 4416
3169 -3512
-4752 2040
4432 -1636
643 -1027
-3629 -1612
-1148 4039
-1198 4456
1557 -1433
3927 832
-1467 -678
-673 -3242
1382 4042
-199 577
-3433 749
-3879 781
-3482 642
-1379 -3234
-2317 4405
130 -322
4731 1501
-582 -1417
541 -427
4391 3450
3140 3318
-4365 -3327
3993 -3686
4783 375
-4644 -4063
-4048 -3076
-1962 3425
-943 -444
-4580 2679
1322 4455
-1564 -3548
-4515 -1833
2954 -97
-1898 4847
828 -2506
-351 -1032
2164 -3364
-3007 1157
-2049 -3223
2885 -1693
-2286 189
-3417 752
-1385 641
-4691 -4613
4672 -2017
4842 -1892
-564 -4673
-2372 3742
-3418 -2918
-59 2411
-4072 4590
-3621 3093
-3773 -1627
-4398 -822
-3498 3487
-1163 -4432
-1323 421
1320 -1356
-3938 -2019
-969 -4266
965 -1127
-4806 1753
-4448 4174
495 -2866
-3743 -4564
4545 -2815
1378 2277
1630 2605
-4350 -1415
3135 3504
-2928 -3027
4072 -2899
-1254 -3256
745 -192
-274 1128
-3106 2043
1353 3440
-1204 1905
2615 643
4040 224
1079 -63
-1239 -2543
-2786 -4608
1415 4216
-4671 -4098
2720 -2599
4227 -1856
-4145 -2027
-111 -2048
2781 4615
4081 1027
-1990 434
-532 -1842
3692 3435
3801 -916
-4989 -3768
4021 -1228
-4959 2588
-4484 -2192
1804 2197
-1289 -4123
4599 -2062
-979 1806
-2736 3910
4758 1397
-123 191
-2575 -761
1978 -1755
2397 670
3032 -2450
4754 -605
-1218 3775
3167 -1176
-2285 36
-2016 4520
3585 1695
1749 3184
986 -4230
-3658 3250
1033 -3899
-353 -4090
1292 -1576
150 4622
1669 3899
292 -3947
-3550 -3602
448 -3416
1526 4968
408 4241
-3644 3393
3761 4941
-3560 -3138
-522 -1222
-2367 820
-2972 18
-1727 -1972
-2720 918
1452 -1218
540 4474
-2318 -4167
1879 -4516
-2769 -2672
-2932 3757
3648 -1171
2999 -4996
3574 -1888
1297 -4986
-25 -4225
-1207 -1040
-2052 -2827
330 1221
-3447 2610
-2861 3006
-3607 2680
-1168 -4573
-135 2063
-4089 -1552
4391 4331
-2794 -609
-1840 1557
-4253 -3266
1021 2045
3101 2348
-828 -3106
2660 2120
-4581 -2010
-1658 -3027
1953 -3167
1331 -302
865 1515
125 -4270
-1422 -2612
-821 4322
-3281 -2263
-1287 -120
4294 -539
-2034 -3333
2858 -3933
4016 -2970
4313 -1972
4151 4733
1019 3845
-3294 4324
2030 -611
-978 -2104
-4096 4147
-1374 -518
2887 2805
-1196 958
-4458 -1130
2190 1188
3331 -4843
-792 -2459
-3776 4576
-429 -4462
-2396 -4926
1623 -25
271 -319
-701 -2698
4070 3321
198 4974
-1180 3824
-4192 3059
-2018 -4035
-982 4876
-165 -3792
-2583 4518
2717 1625
-2941 3942
1201 1630
832 157
-1943 3807
-4867 3328
-1512 -568
-4370 -2442
4106 -2820
3884 4278
2357 4692
2338 -4661
-4343 -3644
1567 -3156
3916 3984
-3638 1634
-3039 -1579
-3072 3162
1404 -888
-1680 813
-2081 4805
-859 1407
-4411 -3876
317 4695
-1696 -4447
3974 -4339
-4755 -2336
-4000 2255
-4628 -1080
4099 4288
-2096 1814
-2726 -134
1587 -4446
4380 -2009
-334 -2300
156 2585
3857 4298
-4656 4447
-4578 -2987
4142 -1274
-2434 -532
-612 4164
-1516 -3260
-2229 -1144
660 -3130
4497 -83
36 3123
4783 -3376
3678 4163
-385 -1656
3216 4772
2282 -1575
422 -1022
-2128 844
992 3367
922 -90
4187 1662
-926 -2328
3403 1845
-2120 -4585
68 3729
332 -4896
1853 115
-3272 531
-4369 -2304
227 199
3820 -2491
3624 -4406
-2160 -3503
-2210 184
1216 3712
-4906 403
-3273 -4479
-573 -4870
-1282 2308
1897 138
1037 -2770
243 -2110
-1303 -1677
-227 -4320
-2629 -4999
-2769 2543
3862 -4144
-511 -3298
3705 2279
1886 -3727
-2656 -1667
1676 -929
-1146 -3896
-799 -1076
3412 2450
4063 -4199
4680 -4342
-1308 4730
-1019 -183
-4590 -2295
-182 -2358
1600 -4967
4850 -3910
3087 -93
3369 -26
1180 -4287
-341 -2144
-216 -135
-1040 337
3789 3724
-2212 2852
878 3820
3510 922
3550 3844
-4261 3961
-3451 -3090
2955 -499
-3057 2805
591 -4970
-2288 -1039
-3644 3892
-3974 1015
3100 -2837
-4120 -2939
2500 1022
2137 1640
-1126 -1985
461 -2615
3937 -989
-3771 1029
4324 4130
2939 2279
-1369 4882
-3564 4223
4912 -852
4536 2621
4392 1914
4988 2493
4077 2221
906 -2070
-1757 4395
4570 2117
3763 -3617
854 2700
-3253 -1565
-4919 -3929
-2435 3020
-297 -2451
2902 1139
3124 -833
1640 -988
-3212 -2616
-4074 3128
4877 -4996
349 -2865
4286 3592
-3469 3856
710 -4706
1592 2916
-654 3339
-3648 -572
4410 -1083
-2552 -4535
-2182 1703
-2043 -4058
2222 4597
-46 362
3333 -2767
-1510 -437
3589 3840
1698 2875
2432 3229
-1917 4494
-125 4675
2411 4222
3014 115
-4998 -1223
384 3802
-758 3203
505 2199
497 -2273
-1852 -4548
3089 -3518
4037 -3420
1045 2626
1772 4095
501 -796
-1323 -64
-4949 3552
-388 -1186
-874 -2374
3929 -4520
1403 -687
4283 1998
-2484 -212
-803 3014
-1132 -1302
-182 3309
-3468 -1145
1241 -1071
2833 -1987
-1976 -1666
-1430 1701
3270 -1379
-3394 4234
2435 -2916
-3139 -2284
-2435 -384
2029 -3152
-3386 898
-2012 -2836
-4736 -1792
862 82
-3482 -1254
289 2759
2675 -1878
-4227 2051
-2192 -4305
-1247 -3922
-684 -3289
-4687 3103
-1205 3526
-4181 -2288
4494 -800
-4088 2461
-4902 -1099
4625 -4638
2109 -3161
-3204 -21
585 2085
-2261 4612
-4793 4864
1663 4367
1911 1768
-4554 -3773
-169 2111
682 -21
-3011 -2147
2691 -3517
2053 3604
296 2152
3857 -79
-1134 966
-1888 663
2298 49
4100 1389
-339 660
-2395 2677
27 4516
-555 -3175
-4257 4277
288 -2223
-744 2277
630 3299
113 -2317
1903 -4591
1187 760
-3317 1406
3079 -205
-2931 377
1197 -3831
3118 -4142
1829 -4277
3535 3209
-4761 4333
-4966 2334
-38 323
-4889 570
3952 -2907
-1131 -935
-3872 2125
-4173 2316
4237 3862
-1278 2316
-4991 -2857
4045 1206
4664 2163
2065 -2154
-762 -3048
-3945 -523
2637 -3911
-3189 -2401
-2236 3274
-479 -3283
-4633 3391
-2866 2848
-3132 4313
164 -3895
3175 238
3422 3185
-1267 -1181
-4257 -1603
2335 -840
-2405 -3427
1113 -1350
-2597 -4898
-3908 -786
4054 -4792
3841 -1425
-3075 560
3318 -4588
-1592 -4814
4725 -76
-3708 -747
1514 1066
3790 -4753
1237 4533
4997 -1428
-1306 -2408
-3502 1159
-2405 -1099
1261 -4961
-533 315
-4753 -1692
3891 -2827
221 -1439
3937 -19
-1252 3662
4906 40
-2085 1420
-3894 3057
-1980 -1305
2591 -1983
2268 -3715
-3039 3766
-1204 -444
-2333 -4943
-405 2134
-3275 -157
1795 1968
-1632 3368
-4471 -2695
-1651 -723
-4033 -1745
4317 -4765
1028 1775
3292 4048
-4529 -2765
3417 -909
4872 -4622
4209 -1332
-65 -3124
-1274 882
362 451
-4275 3509
-2581 -907
1877 -2052
-2250 -4773
-1422 -4930
4834 4247
-4695 -2786
-2625 -51
2614 4198
-1463 1031
-1711 -1591
1410 -2502
2078 2697
-4274 -4196
-1421 -2560
-2393 -4343
-4050 -3622
-3898 -821
-4322 -1147
-4242 -744
-1077 -4407
-1496 -4420
4159 879
-3119 1774
-3571 418
-2195 -282
3828 567
-1432 906
-1736 -706
-1938 -1804
1734 -2979
-1147 -964
-1601 -45
3216 -923
160 326
-314 4083
919 -458
1015 -3569
1773 -751
3205 3202
4667 -3990
-2080 -153
-2070 -2160
2105 -2454
2134 1519
742 -4780
3540 947
-4391 3291
2255 177
3721 -2585
-4497 -1593
2851 1423
2949 -4782
-794 -278
-533 -2589
-2076 -865
4773 -2804
334 -2297
36 -2560
250 3522
3959 -4008
94 -1148
-1708 703
-2857 -4453
-4120 -4136
4314 -3616
-4377 -1483
-841 3572
-1264 3365
4646 3203
-4224 3922
3690 -4451
2470 -4623
4605 -2494
-2183 -145
2380 3128
-2801 -2525
3332 491
3178 -4524
-2610 411
2692 -3295
1795 3316
222 2306
-1760 310
671 4239
4866 -2201
3161 3556
4700 632
3933 4305
-510 3102
-840 3223
-2417 -2288
-4302 -4085
3203 228
2743 1946
1991 436
3 -1214
-4896 -4775
-3908 -1656
-3112 -1885
-2417 -3246
914 2097
1662 615
4081 596
-80 4923
-4950 433
3146 3985
3145 196
4901 -2300
1777 -1004
998 -1232
4432 -3999
-1093 4536
2579 -1
4233 4467
-533 -3184
-3779 -4619
3913 2883
996 -654
4831 2269
-730 1234
4054 -2584
219 2199
-1035 120
1251 -4258
469 -2750
-4138 -99
-1749 -231
-4210 -4170
1121 -4977
1649 -4412
3191 2870
-4031 2105
-2894 -1682
-3549 3289
-4413 -2927
-477 993
-510 4743
-1808 -193
-3785 795
549 1684
-603 1411
2938 2649
-3819 3728
-169 2302
3751 -3519
-758 1942
703 211
-4601 -839
3529 3203
-2549 468
-4724 1974
-3539 -3882
1717 -3995
925 -715
-1847 2826
-4031 2550
-4410 3907
-3449 3123
-1013 1383
-3223 4090
-784 1019
-2615 1271
-3770 4136
-4567 1112
2339 -2116
2932 -1032
1210 746
-3562 -2072
1751 2364
-1435 1256
-3458 -466
-1193 -2868
4794 358
-4745 -4867
3093 3384
4224 3661
-597 -3391
-67 634
-4255 -3282
3098 -563
-398 1030
3405 -4188
-3224 1195
-4908 -120
-1441 -4991
-3864 -3546
-4104 -3705
-1414 -4310
-1994 -4806
-4177 2451
3578 1399
1113 4334
3008 2398
-3680 106
4116 4418
4543 -4930
-3200 -700
2234 -1423
-4505 -1321
-191 -4593
-1312 -2703
-3139 -416
-1407 -3201
-3374 -2049
3345 3802
-4598 -1724
201 -2133
-2390 -1790
-4735 -1070
-332 733
4700 -789
803 -3500
-137 -1962
-3571 358
1717 1238
-2883 1757
3536 -1022
-3658 3481
-2870 -2032
2784 1827
-3230 -462
-4897 1972
2406 4065
1534 -977
4347 -3798
4757 399
-3235 560
1900 1628
-50 3329
3338 3019
-4080 -4544
-223 808
-4214 1119
-4359 -2084
4087 3425
1096 2210
-2037 -2449
-4466 -4631
2969 2068
-4255 2316
-378 -4498
-2284 1387
1062 968
-1985 2365
-4351 2705
384 -3431
3161 -4839
2377 3948
-2368 -630
3216 -3280
-2205 -688
282 759
1864 816
-2520 -167
4236 -1775
3501 -1142
-4921 2569
-4755 -2506
-1463 4612
4859 -4461
-1331 243
-2892 -3169
-3243 838
-4221 -611
-4792 347
-2539 4356
4660 2743
-3533 -2124
4911 -4701
-939 4147
4877 3914
-1995 4956
1484 4602
-2550 1373
566 -2691
1912 4236
-1095 373
2419 -2986
2563 3198
1403 -877
-1455 3865
-1521 4557
-2040 -3702
3785 4224
-3402 -2154
3371 -3525
3113 2729
2783 -403
-1317 -4766
2322 602
3895 -4413
-3810 -2200
-2688 3609
-186 1227
1807 2570
-4650 1704
-2213 -4818
-2386 -2901
-3520 -3601
-3677 4430
-4402 4695
2257 3711
-1224 41
4660 2459
275 1982
4413 -830
-1079 -4397
-1677 1233
4212 -511
-2540 -2629
3411 4163
4076 -3802
4345 3042
-1702 2177
4441 -4027
1608 -4961
-4332 -1135
3750 -4204
258 3410
-392 -4467
-3255 -979
-3944 666
-375 -4269
3252 -4811
220 2064
-2439 -1368
-2421 2989
-3818 -3076
1031 -4168
454 472
-3194 3414
-3136 3826
3631 -4386
4623 -1110
377 -4417
-4225 -1526
-396 -3169
492 581
-2438 -1256
-2877 -865
2161 -316
-881 4740
-2327 301
3017 56
1134 4823
1880 2940
3237 3744
-1882 1868
711 -2259
2110 2440
-1676 2886
-4086 -719
4717 1406
1214 3632
1503 3337
-2233 -1336
4373 1886
4756 3398
3539 -875
-1546 -327
-1052 -4665
3965 -2815
431 -2916
406 -3858
-3823 -2484
-66 -4146
-4598 848
-3513 -4880
-2745 -947
3752 110
3743 2871
3774 3116
-243 -118
-2133 -1704
4008 -2327
-678 -2044
-1992 4639
-3506 -208
3075 1900
-2714 605
768 2221
-2189 1171
-1931 -702
-2357 -3324
-297 2747
1786 -1554
618 -3088
2915 1727
-1853 -4218
1375 -2845
-1545 2049
-3537 -2184
1689 4309
2608 -3884
-2439 1246
1721 3330
-1533 884
-499 -2111
-4818 -1504
-435 -114
-3757 2704
-316 -1787
968 -2401
4940 4115
-1619 -2333
2622 -1811
4717 438
1005 -2242
-253 4965
-1126 -1339
1211 1948
-3009 1031
-2168 -2156
3920 4367
1340 4837
-4395 -1065
-1107 289
2148 4862
2889 -1560
329 2622
1107 -2048
-4189 -2824
-258 -1832
-66 841
-1867 161
4502 697
3461 -3507
-3272 2645
-4311 -4352
2012 2029
1837 -1031
2316 -4269
4259 -536
-4407 -1500
-744 922
-3878 1716
226 3286
3892 4968
2806 -4821
-2838 2292
340 -3336
-2011 -4847
4510 -283
2798 -4801
-3283 -3837
2229 3554
132 -455
4285 -4257
362 1230
-4405 970
3505 3070
-2314 -1269
1356 2931
-4948 -4486
3110 -2786
2806 4802
-4770 -4205
4955 4740
-3136 -895
4940 4933
268 -1479
3488 1753
-582 -875
-1152 1132
1708 -556
-2897 213
-2486 -3859
296 222
4072 -3300
736 -1466
-4734 -1457
-1664 -4503
-662 4643
-4763 -2445
-1251 1529
-2512 369
-4950 2328
-2878 -531
2806 -2677
1953 -486
1767 4056
1079 4281
1550 2727
-497 622
4428 1591
4157 1046
-4866 3845
1543 -4175
3489 -1867
-1620 -2762
4662 -2780
2607 1065
4549 1082
1886 2355
3405 -1161
3221 172
4248 -4348
-4195 798
3379 -3340
-3580 -841
3251 1929
-4794 3386
775 1749
563 -736
1234 3943
-2146 897
-3837 1813
3314 2064
-2105 200
-4229 2652
4039 3992
4176 3287
996 4981
-915 -624
2993 -3142
3535 1245
3787 3741
-4017 -4086
-3157 1546
-3470 -571
-3159 -4264
1678 4356
2550 -8
1421 1797
-4808 -1456
-550 4232
3889 -1374
-1129 -115
4960 -691
4261 -695
1167 -851
1902 -3694
4242 -763
3573 -3915
-4217 -4897
-3133 3976
2192 3545
3333 -258
-1462 -3894
-3461 -1270
-350 -2659
4314 4891
-2680 4538
-223 3632
-1153 -962
-2063 1366
-461 4840
-976 -1218
-923 -2403
-3781 -3787
4053 -1914
1541 1245
-3368 -3774
2339 170
-2668 3878
3900 -1665
2572 -433
-1774 4892
-895 -645
3524 -696
3394 2813
-4330 -2067
-995 -306
-1933 -565
-1356 -713
648 -2303
2373 3541
294 4005
4768 -2367
-825 -2900
2863 4428
-3213 435
-4653 -3634
-3321 -548
721 1555
108 -4533
-631 778
4753 3374
1824 -2180
-2191 1820
2107 -191
4517 -519
-1649 -3837
-1514 -1881
-4852 -986
-3429 3012
4794 4711
4799 -4859
-3923 -3521
-4055 -1850
3034 -2595
-1382 3755
3183 -1629
2130 -3641
-2457 1291
3180 4651
-3899 -951
-4516 -4196
213 -4678
-4725 361
-664 3198
4725 -4518
2909 4525
1975 338
2356 -728
3489 390
1677 3459
-854 -3788
3182 2628
-2428 -4275
-1081 2104
1728 -3628
-3847 2212
3528 -2282
2535 3803
-568 -3129
2002 -843
3706 -89
-4966 681
1602 2390
4954 91
4133 1631
4902 4631
2844 3084
2259 1768
3809 2530
-1128 538
255 25
4102 -1217
2744 1637
-2413 3528
-139 941
-2315 -1433
2204 -2280
600 -1194
-4890 554
249 595
3538 151
226 -2266
-1765 3837
4502 3397
-2280 -1626
-4713 2975
-249 4389
-3242 3847
-2621 -4303
2375 2240
1638 1413
-4193 -1157
4133 1407
-999 595
3314 4251
2543 -1796
-598 -2231
938 -1010
2959 440
3739 -4321
166 4026
3654 1269
-233 1764
-3531 2146
-1186 3844
-4262 1804
-3391 -3455
1999 -4258
-695 -3999
-2310 3971
-4748 -4767
-2825 -346
4354 3113
-4 2313
4905 -1265
2992 -3577
-2239 -2002
-956 -1119
4763 513
2379 4929
-4290 3118
1733 -2681
1015 -1267
4414 1672
-266 3456
643 -14
41 -830
992 -605
3635 -4011
-3291 -108
-276 1053
-2333 -1162
4052 1712
-929 167
3577 -3550
96 4287
4568 3181
2959 -3064
-3086 -1275
3608 -2000
-2819 -4396
-662 2222
-226 1683
2969 4762
2672 1030
-346 3748
-2916 2322
3938 2488
-966 -1991
-2345 3963
-540 -897
-397 -4620
-2716 -2438
-2684 -4449
-2361 2277
-1449 -180
2881 -758
3394 4007
-4075 -2285
3769 -51
3746 -1576
-1303 2182
2098 -2364
-330 2484
645 2325
1447 1457
2780 -3950
1838 1416
4964 506
1967 -2397
4135 1871
-1225 -1632
-3887 3521
-2624 3390
-3763 2497
-1661 1335
2273 2036
-1483 -629
1024 -461
-3145 -3330
3216 -345
-521 996
705 2669
-2588 -2978
4528 732
-375 3663
-2397 -247
-2968 -4932
-1726 -592
3458 -4137
3257 -3203
-1450 531
185 2067
1254 -3790
2958 3110
4232 1174
4117 -1289
-2830 -3826
2733 -4065
-1804 2261
1667 -826
924 622
3927 2956
690 3553
3716 -4500
769 1974
3649 4319
3857 -1166
-2261 111
-3604 -4303
4573 -4372
1872 3690
-4308 394
1217 3425
1329 4413
-2962 4348
4939 2962
-30 218
-2729 2012
-1228 -4013
2512 893
-687 1161
-3436 4522
1348 -4345
-366 2744
-3647 -4441
-275 -423
4250 -3231
1323 -3181
1546 4005
-3768 3584
3353 2524
-2102 4676
-2258 169
1688 -2134
-2491 -4447
3759 -1826
-1934 -4676
-2303 4414
-4021 -1317
-1489 3684
-758 -412
4613 4844
1357 -2711
-3337 -2097
-3706 4248
2839 999
1772 -4263
675 4514
-2741 -2636
3733 -3880
-2083 2492
-706 983
-832 -1657
-3250 -3500
2026 261
1536 2621
4849 -2498
2465 -2442
-209 481
-3187 -2563
-271 1004
3436 2853
1741 -888
-1281 352
-2172 -2548
1472 -2903
1297 2119
-568 1817
-4538 1182
-331 -1159
2795 2558
-3538 -1004
-4940 279
-2094 -3797
2112 -281
-1360 3193
-4277 -2924
1046 -1183
-2460 1118
4169 -3280
-78 -3006
-1183 -3781
465 3250
-611 -2721
-4216 4058
1120 -68
1616 -1066
3928 -1972
566 -3165
-769 -2322
-2094 -777
-4128 -1370
-2348 -1730
-1201 -3456
4388 4320
-1735 -689
2666 2082
-3118 -1869
-3316 1271
411 3821
-3318 2883
-1247 -350
-3182 4033
2679 -1264
2220 3262
1414 -4873
-2514 -1362
-4891 138
1909 -4740
1682 -2351
4580 1299
-1688 2247
4734 195
1730 2770
2818 -2859
1591 852
-4975 1696
-4497 3195
730 3182
-3069 4302
-2204 3345
781 282
-3016 -2758
1772 245
-2498 4807
-754 3435
1106 2559
682 840
4106 -2588
4963 1924
-4094 1554
-2223 -4069
-1749 -1720
4126 333
2814 -3943
-4013 -4390
754 1769
-2755 -910
4011 369
4335 2866
176 -1418
1301 2635
2493 3335
4827 1599
-4253 4790
4875 3005
1345 -2348
3936 948
-2716 -586
2633 1450
-3177 -28
-1587 2578
-3259 658
3020 2105
2379 -1292
-29 -2444
2290 -3728
-4809 -3865
959 1370
2734 -1942
1161 2609
-3936 3858
1614 1352
-3842 250
-4233 3791
3053 3942
-4885 -3534
1520 -3143
-1524 -4107
314 -4145
-399 -4715
4763 3243
2909 1306
4378 -1132
-2323 2112
1926 3838
-3927 -658
2696 -961
-4305 206
4290 2814
-4651 2343
1756 -4536
161 4629
-2679 3637
-4478 2635
844 123
-728 608
-1634 3533
-3086 4096
-2599 -4057
1208 680
4781 -1367
1374 -1171
2673 2069
4035 -1685
-117 736
2010 -3360
1201 -2829
-3731 3522
2160 3143
-2490 -1996
-1734 -1866
-36 -2016
-3332 -1769
-2920 -4579
-826 -360
-2547 -4692
3273 3828
-4511 -2702
897 4525
-3035 2133
261 3975
3773 2814
-3854 1394
-2311 -342
-463 199
2663 -845
-315 3979
2139 -2295
-2790 571
-1873 -2263
-4789 -3068
-1955 -164
-4240 -1466
-1513 -1990
4411 452
-4857 -3975
-4220 268
3839 -3074
3014 -3472
-2063 3903
-1921 1952
-1942 -883
931 1549
1822 -506
3472 4949
2231 3683
-3118 1628
4871 3994
-4838 4710
-2996 926
163 3499
1951 943
-1233 -2858
-779 3133
-1329 2158
2036 -1898
-4538 1446
2219 1394
-2005 -4606
-4112 -3533
-4657 -529
1502 3577
-3901 -2274
2572 -3739
-2564 928
-1461 2599
-572 -4510
4894 -453
3985 -4532
-2319 -2344
-1022 4717
-2890 -559
1164 682
2187 511
1076 3075
-1669 -2229
3898 1185
-3651 4997
3911 273
2610 -3652
2553 -3850
299 -3019
2992 -3454
-2119 1977
-2986 562
985 -2656
-3369 3096
1785 -853
-4870 -1028
1011 -2442
3399 4342
329 -1351
-3121 -1970
-1354 -4209
-345 2609
3491 -2791
3759 -4858
-4458 1751
-3312 -1577
-4919 -4946
337 1066
-2601 -1679
-4486 536
-1180 1996
861 4831
4554 -740
525 -116
-738 2405
-734 2908
-452 3922
517 -1961
2483 -4372
