2000000 0.090000
2000000 0.080000
2000000 0.140000
2000000 0.070000
2000000 0.140000
2000000 0.100000
2000000 0.170000
2000000 0.160000
2000000 0.090000
2000000 0.140000
2000000 0.120000
3000000 0.200000
3000000 0.060000
3000000 0.200000
3000000 0.040000
3000000 0.310000
3000000 0.360000
3000000 0.150000
3000000 0.130000
3000000 0.220000
3000000 0.360000
3000000 0.370000
4000000 0.480000
4000000 0.690000
4000000 0.410000
4000000 0.140000
4000000 0.250000
4000000 0.290000
4000000 0.240000
4000000 0.750000
4000000 0.370000
4000000 0.430000
5000000 0.320000
5000000 0.350000
5000000 0.550000
5000000 0.390000
5000000 0.390000
5000000 0.200000
5000000 0.310000
5000000 0.800000
5000000 0.150000
5000000 0.070000
6000000 0.190000
6000000 0.540000
6000000 0.190000
6000000 0.340000
6000000 0.630000
6000000 1.290000
6000000 0.240000
6000000 0.320000
6000000 0.420000
6000000 0.370000
6000000 0.360000
7000000 0.450000
7000000 1.020000
7000000 0.840000
7000000 0.850000
7000000 0.920000
7000000 0.640000
7000000 0.440000
7000000 0.430000
7000000 0.430000
7000000 0.280000
7000000 0.200000
8000000 0.720000
8000000 1.090000
