10	0
10	0
10	0
20	0
30	0.01
40	0
50	0
60	0.01
70	0.01
80	0.02
90	0.03
100	0.04
100	0.03
110	0.05
120	0.08
130	0.08
140	0.1
150	0.18
160	0.19
170	0.22
180	0.23
190	0.31
200	0.34
210	0.39
220	0.45
230	0.6
240	0.66
250	0.76
260	0.74
270	0.91
280	0.97
290	1.04
300	1.3
310	1.24
320	1.53
330	1.6
340	1.86
350	1.99
360	2.12
370	2.25
380	2.62
390	2.99
400	3.45
410	3.05
420	3.43
430	3.77
490	5.82
500	5.74
510	6.24
520	7.51
530	6.73
540	7.24
550	7.63
560	9.04
570	8.07
580	8.78
590	8.67
600	9.6
610	10.42
620	11.28
630	10.68
640	12.03
650	12.82
660	13.25
670	13.14
680	14.37
700	13.29
750	18.62
800	21.13
850	26.73
900	30.53
950	28.3
1000	35.44
1050	44.29
1100	53.42
1150	63.64
1200	73.3
